"Age" "Gender" "BMI" "Depression" "Depressed" "Sports" "Healthy_eating" "Dancing" "Music" "Slow_vs_Fast" "Dance" "Folk" "Country" "Classical" "Musical" "Pop" "Rock" "Metal_Hardrock" "Punk" "Hiphop_Rap" "Reggae_Ska" "Swing_Jazz" "Rocknroll" "Alternative" "Latino" "Techno_Trance" "Opera" "Movies" "Horror" "Thriller" "Comedy" "Romantic" "Sci-fi" "War" "Tales" "Animated" "Documentary" "Western" "Action"
"1" 20 "female" 18.066167337875 1.7 FALSE 3 4 3 5 3 2 1 2 2 1 5 5 1 1 1 1 1 3 1 1 1 1 5 4 2 5 4 4 1 5 5 3 1 2
"2" 19 "female" 21.8299521999323 2.7 FALSE 1 3 1 4 4 2 1 1 1 2 3 5 4 4 1 3 1 4 4 2 1 1 5 2 2 4 3 4 1 3 5 4 1 4
"3" 20 "female" 21.6296487603306 3.1 FALSE 3.5 3 5 5 5 2 2 3 4 5 3 5 3 4 1 4 3 5 5 5 1 3 5 3 4 4 2 4 2 5 5 2 2 1
"4" 22 "female" 19.9432125473229 3.9 TRUE 1 3 1 5 3 2 1 1 1 1 2 2 1 4 2 2 1 2 5 1 2 1 5 4 4 3 3 4 3 1 2 5 1 2
"5" 20 "female" 20.4152249134948 2.9 FALSE 2 4 1 5 3 4 3 2 4 3 5 3 1 2 5 3 2 1 2 4 2 2 5 4 4 5 2 3 3 4 4 3 1 4
"6" 20 "male" 22.2569083130998 2.6 FALSE 4.5 2 1 5 3 2 3 2 3 3 2 5 5 3 4 3 4 4 5 3 1 3 5 5 5 5 2 3 3 4 3 3 2 4
"7" 20 "female" 15.9596539947014 2.2 FALSE 4 4 3 5 5 5 3 1 2 2 5 3 1 1 3 1 1 2 3 3 5 2 4 2 1 5 3 1 3 5 5 3 1 2
"8" 19 "male" 26.5831758034026 2.6 FALSE 4.5 2 1 5 3 3 2 1 2 2 4 5 1 2 3 2 2 3 1 2 3 2 5 4 4 5 2 3 3 4 4 3 1 3
"9" 19 "female" 19.8176773682124 2.7 FALSE 4 3 5 5 3 2 5 2 2 5 3 5 2 3 2 4 4 4 4 5 1 2 5 2 1 5 5 1 3 4 4 4 1 2
"10" 19 "female" 19.5918367346939 3.1 FALSE 3 3 1 5 3 3 2 1 2 3 4 3 2 1 3 2 2 3 3 3 4 2 5 5 4 5 3 3 2 5 5 3 1 3
"11" 17 "female" 19.3698347107438 3.6 TRUE 4 3 1 5 3 1 1 1 4 1 2 5 1 1 1 1 2 2 5 2 1 2 5 3 4 4 3 2 5 5 5 5 1 4
"12" 24 "female" 19.4869614512472 3.8 TRUE 4 3 3 5 3 1 2 1 4 3 3 5 4 2 3 1 1 4 3 2 1 2 5 1 5 4 3 1 4 5 3 3 1 1
"13" 19 "female" 20.2020202020202 2.8 FALSE 3 3 3 5 3 5 3 2 1 5 5 2 1 1 2 1 3 2 1 3 1 1 5 3 2 5 5 2 1 5 4 2 1 3
"14" 22 "female" 18.6122448979592 2.9 FALSE 2 1 1 5 3 2 1 1 2 3 4 5 2 5 3 4 4 4 4 1 1 1 4 1 3 5 4 1 1 5 5 3 1 4
"15" 18 "male" 24.5778671518401 3.5 TRUE 4 5 1 1 3 2 2 3 4 3 3 5 5 5 2 4 2 3 3 2 1 2 5 5 5 5 3 3 5 4 4 5 2 4
"16" 19 "female" 21.2244897959184 2.9 FALSE 3 3 2 5 3 3 1 1 1 2 4 4 1 3 2 3 2 3 1 1 4 1 5 3 3 5 3 2 2 2 2 4 1 2
"17" 20 "female" 23.0300453514739 3.6 TRUE 2 3 3 5 3 3 3 3 2 2 4 4 2 3 3 4 3 3 1 2 1 3 5 4 2 5 5 5 2 4 4 5 1 3
"18" 18 "male" 23.8087970452672 2.6 FALSE 3 4 3 5 3 5 4 3 4 5 5 4 4 3 4 4 4 4 4 4 4 3 5 2 4 5 4 5 5 4 4 5 5 5
"19" 18 "male" 25.4640108646446 2.5 FALSE 3 3 1 5 4 3 3 2 4 2 2 4 5 2 1 4 5 4 3 4 3 2 3 1 4 4 2 3 5 4 4 5 2 5
"20" 20 "male" 22.2569083130998 2.7 FALSE 5 2 1 5 3 3 2 3 4 3 2 5 5 4 4 3 5 4 5 3 3 4 5 5 5 5 3 3 4 3 3 3 2 4
"21" 24 "male" 24.5693143716036 2.5 FALSE 4 3 1 5 5 1 1 3 2 2 2 5 5 4 1 2 1 4 3 2 1 2 5 5 5 5 2 5 3 3 4 5 2 5
"22" 20 "female" 19.1326530612245 3.4 TRUE 3 3 5 5 3 4 2 2 2 4 4 5 2 3 3 3 3 3 1 4 1 1 5 2 4 5 5 4 3 5 5 3 2 2
"23" 19 "female" 18.2867797339453 3.6 TRUE 4.5 4 5 5 2 3 1 1 4 3 3 5 5 5 1 1 1 2 3 2 3 4 5 4 2 5 5 2 2 2 2 3 1 4
"24" 20 "female" 19.3771626297578 3.2 FALSE 3.5 3 4 5 3 4 2 1 2 3 5 1 1 1 3 1 2 1 1 4 2 1 5 1 2 5 5 1 1 4 3 3 1 1
"25" 22 "female" 23.1404958677686 3.2 FALSE 4.5 3 3 5 5 5 5 4 5 3 4 4 3 2 2 1 3 5 3 5 2 2 5 3 2 5 4 2 5 5 5 5 2 1
"26" 19 "female" 18.8189243102864 2.5 FALSE 3.5 4 1 4 5 3 4 1 3 2 2 4 2 4 2 4 2 3 4 3 4 2 5 2 4 3 4 5 3 2 4 5 2 5
"27" 20 "male" 22.8774057021934 1.9 FALSE 5 5 3 5 3 5 1 1 1 1 3 4 1 3 5 2 1 4 3 2 3 1 5 3 3 5 3 1 5 4 4 3 4 4
"28" 19 "female" 21.2585034013605 3 FALSE 4.5 3 4 5 4 3 4 2 3 3 3 4 1 3 3 4 3 4 3 4 3 2 5 3 2 5 5 2 4 5 5 4 2 2
"29" 25 "male" 25.9786795664248 2.6 FALSE 3 3 1 4 3 4 3 3 3 3 4 4 2 2 4 3 4 3 3 3 3 3 5 2 5 4 3 4 4 3 3 4 3 5
"30" 22 "female" 25.5354463915222 2.5 FALSE 2 3 4 4 3 4 1 3 2 3 5 3 1 1 3 3 2 1 1 5 1 2 4 1 1 5 5 2 2 5 5 4 1 1
"31" 20 "female" 18.4265342092613 1.9 FALSE 2 3 1 5 5 3 1 3 2 3 3 4 3 4 4 2 2 4 4 2 3 1 5 5 5 5 5 2 3 5 5 3 2 4
"32" 27 "female" 24.2214532871972 2.4 FALSE 4.5 4 3 5 4 2 2 3 4 5 4 3 1 1 1 3 4 4 3 2 1 5 4 3 4 4 3 1 3 5 4 5 2 3
"33" 20 "male" 21.3859363528999 2.3 FALSE 4 3 2 5 4 3 2 1 3 4 4 5 3 4 2 3 3 4 4 2 1 1 5 2 3 5 4 4 2 2 5 3 1 5
"34" 19 "female" 24.9134948096886 2.3 FALSE 3 3 4 5 3 3 3 1 4 5 5 3 1 1 4 3 1 3 3 5 1 1 5 1 2 5 5 3 4 1 1 1 1 5
"35" 18 "female" 21.7180660897457 2.6 FALSE 1.5 2 1 5 3 1 3 2 3 4 4 4 1 1 1 1 1 1 1 1 1 4 5 3 5 4 4 4 4 5 5 3 1 5
"36" 21 "male" 29.5105916727538 2.5 FALSE 4 4 1 5 5 1 1 1 5 1 2 3 5 2 1 2 2 2 1 1 1 1 4 3 2 5 2 3 4 2 2 4 3 4
"37" 23 "female" 21.2585034013605 3.4 TRUE 3.5 3 5 5 5 5 3 1 5 2 5 4 1 2 4 5 2 2 1 3 4 4 5 1 4 5 5 3 3 5 5 5 2 5
"38" 21 "female" 19.1467221644121 3.4 TRUE 5 3 1 5 3 3 3 2 2 3 5 5 4 4 1 2 1 5 2 1 2 2 4 5 5 5 5 3 4 5 5 4 2 3
"39" 26 "female" 20.9572742022715 3.1 FALSE 2 4 1 4 3 4 1 1 1 1 5 1 1 1 3 2 1 1 1 2 3 1 5 1 5 5 3 2 1 2 2 4 1 5
"40" 20 "male" 22.6346763241286 1.9 FALSE 3 4 2 5 4 5 5 5 5 1 1 4 5 1 5 5 5 5 5 5 5 1 3 1 5 5 1 5 5 1 1 5 5 5
"41" 19 "female" 31.1418685121107 2.5 FALSE 2 3 1 5 5 2 2 2 3 4 5 5 4 4 3 3 3 3 4 3 3 1 5 4 4 5 5 5 3 5 5 4 3 5
"42" 20 "female" 20.7008167413151 2.8 FALSE 3.5 3 2 5 4 3 1 1 2 2 5 4 1 2 3 2 2 2 4 3 3 1 5 1 1 5 4 3 2 5 5 3 1 4
"43" 25 "female" 23.1833910034602 2.8 FALSE 3 3 3 4 4 4 2 1 3 3 4 4 1 1 3 1 3 3 4 5 4 3 5 3 4 5 4 3 1 5 4 4 1 3
"44" 27 "male" 23.8087970452672 3.3 FALSE 4.5 5 5 5 4 5 2 2 4 3 5 4 1 2 3 3 3 5 1 4 3 4 5 5 4 5 2 4 1 2 1 5 2 2
"45" 21 "female" 20.7008167413151 2.4 FALSE 4 3 3 5 3 4 3 4 1 5 5 5 3 2 5 2 3 5 4 5 2 2 5 5 5 5 3 5 1 3 2 1 1 5
"46" 20 "female" 23.9389897746315 2.3 FALSE 3.5 3 5 5 4 3 1 1 1 4 3 2 1 2 5 5 2 2 2 4 2 1 3 2 2 3 2 2 1 2 2 3 1 2
"47" 20 "female" 16.6335348289991 2.9 FALSE 1.5 2 1 5 4 2 1 2 2 2 3 5 3 5 3 2 2 4 2 1 2 1 5 3 4 5 3 3 3 5 3 1 1 4
"48" 19 "female" 19.5918367346939 3.1 FALSE 3.5 4 1 4 3 2 4 2 5 5 5 5 2 4 4 4 3 4 4 5 1 2 5 1 5 5 4 2 4 4 4 4 1 5
"49" 21 "female" 22.65625 2.9 FALSE 5 3 5 5 3 5 5 5 5 5 5 5 4 2 5 5 5 5 2 5 2 5 5 5 5 5 5 5 5 5 5 5 5 5
"50" 18 "female" 18.9619274241523 2.6 FALSE 5 3 5 5 3 4 4 3 4 5 4 3 2 2 3 3 3 3 3 5 2 5 5 3 3 5 5 1 5 5 3 3 1 5
"51" 21 "female" 22.265625 2.5 FALSE 4.5 3 4 5 3 5 5 3 5 5 5 5 4 3 3 3 4 4 3 5 4 5 5 5 5 5 5 5 3 5 5 5 2 5
"52" 23 "female" 16.5289256198347 3.6 TRUE 2 4 4 5 3 4 2 2 4 3 4 3 3 2 4 3 3 4 4 4 5 3 5 2 4 3 3 2 3 4 4 3 2 3
"53" 20 "female" 22.1453287197232 3.3 FALSE 3 3 2 5 3 1 2 3 4 3 4 5 1 4 2 3 4 5 5 1 1 4 5 4 2 5 5 3 2 4 4 3 3 3
"54" 21 "female" 18.2563187147552 3.9 TRUE 4 3 2 5 3 3 3 2 3 2 2 5 2 2 2 2 4 5 5 1 1 2 5 4 4 5 3 5 3 5 5 5 2 4
"55" 19 "male" 20.745069393718 3.6 TRUE 4 3 2 5 5 5 3 2 3 2 5 1 1 1 2 2 1 2 2 3 3 1 5 2 4 5 1 3 2 3 3 5 1 4
"56" 22 "male" 23.355636914531 3.5 TRUE 1 3 1 5 4 2 1 2 3 1 3 4 3 5 3 3 4 5 5 1 4 3 5 5 3 3 3 4 3 3 2 3 1 3
"57" 23 "male" 23.5102040816327 3.4 TRUE 3.5 3 2 5 2 2 2 2 4 4 4 4 1 3 2 3 3 4 4 2 1 3 5 1 4 4 4 4 5 3 2 4 3 4
"58" 23 "male" 20.5693296602388 3.4 TRUE 2.5 3 1 5 3 5 1 2 4 3 4 4 1 2 3 2 3 3 3 4 4 3 5 3 4 5 5 5 3 4 4 2 2 4
"59" 23 "male" 22.6757369614512 2.3 FALSE 5 5 1 5 3 5 4 5 4 4 5 4 5 4 5 4 5 5 5 4 5 5 5 4 5 5 1 5 5 5 5 5 1 5
"60" 18 "female" 16.0493827160494 3 FALSE 1.5 3 2 5 3 3 1 1 1 4 4 5 1 3 2 1 2 2 1 3 2 2 5 2 1 5 5 1 3 5 5 2 1 2
"61" 17 "male" 24.5434623813002 2.7 FALSE 3 3 1 4 3 3 1 2 2 1 3 3 3 2 4 2 2 2 1 2 4 2 5 5 5 5 3 5 5 4 4 3 2 5
"62" 20 "male" 24.7842575173938 2.5 FALSE 5 3 1 4 3 4 2 2 2 4 5 3 4 3 3 3 3 2 2 4 5 1 4 3 4 5 3 5 5 5 5 4 3 3
"63" 24 "female" 22.65625 2.1 FALSE 2 4 5 3 4 4 3 2 2 4 5 1 1 1 4 3 4 4 1 5 1 1 5 3 3 5 5 1 2 4 1 2 1 3
"64" 18 "female" 19.0519737844841 3.6 TRUE 3 2 1 5 5 3 2 1 2 4 3 5 5 5 1 5 4 4 3 2 4 2 5 1 2 5 4 4 2 5 5 2 1 3
"65" 20 "female" 17.6897888516692 2.9 FALSE 1 2 3 5 4 1 1 1 1 4 5 4 1 1 1 1 1 2 1 4 1 2 5 1 1 5 5 1 1 3 5 1 1 1
"66" 17 "male" 23.9590942293645 2.6 FALSE 3 3 2 5 3 5 2 2 2 3 5 3 1 1 5 2 3 1 1 2 3 1 5 1 3 5 3 3 3 2 3 2 1 1
"67" 20 "male" 27.1020408163265 2.3 FALSE 3 5 1 4 3 2 3 1 4 1 4 1 1 1 4 4 1 2 3 1 3 1 4 2 3 5 3 1 3 3 4 3 1 5
"68" 28 "female" 18.4240362811791 3 FALSE 3.5 4 3 5 3 2 2 2 2 5 5 5 2 4 4 2 2 3 3 5 1 1 5 4 5 5 5 3 3 5 5 4 2 5
"69" 21 "male" 25.5354463915222 2.9 FALSE 4 3 5 5 3 3 2 2 2 1 5 2 1 2 5 2 2 2 2 4 3 1 5 4 4 5 4 3 5 5 5 3 3 5
"70" 22 "male" 22.1606648199446 2.8 FALSE 3.5 3 1 5 3 2 1 4 5 3 2 1 1 1 5 4 1 1 1 1 2 4 5 1 1 5 1 4 5 3 1 4 5 5
"71" 20 "male" 20.8875868055556 2.7 FALSE 5 3 2 5 3 3 4 4 3 1 1 5 4 4 3 5 4 5 4 4 1 2 4 2 3 5 2 1 4 1 2 4 4 4
"72" 21 "female" 19.5918367346939 2.2 FALSE 4 4 5 5 3 5 1 2 2 2 5 4 2 1 4 2 2 2 2 5 5 1 5 1 2 5 3 1 1 5 5 5 2 4
"73" 21 "female" 21.0498179023689 3.1 FALSE 3.5 4 3 5 3 4 4 4 3 4 5 5 2 2 5 3 3 3 3 4 4 4 5 4 4 5 4 5 5 5 5 5 3 4
"74" 19 "female" 18.066167337875 3 FALSE 5 3 5 5 3 4 2 2 2 3 4 5 2 3 4 4 3 4 2 5 3 2 5 5 4 5 4 3 4 5 5 4 2 3
"75" 22 "male" 25.5354463915222 2.2 FALSE 4.5 3 5 5 4 4 1 2 3 3 5 4 2 3 4 4 3 4 3 5 3 3 5 4 3 5 3 5 3 5 4 4 3 5
"76" 18 "female" 17.6897888516692 3.8 TRUE 3 4 1 5 5 1 3 1 3 2 1 5 5 4 1 1 2 2 5 1 1 3 5 1 2 3 2 4 3 5 5 5 3 4
"77" 19 "female" 17.0068027210884 2.7 FALSE 3 5 1 5 3 1 1 4 5 5 1 5 5 5 4 4 5 5 4 3 1 5 5 5 5 4 1 5 5 3 5 5 5 5
"78" 22 "male" 20.9643605870021 3.2 FALSE 4 3 2 5 2 3 3 5 5 3 3 4 4 1 1 1 2 3 3 2 4 3 5 3 3 5 4 3 5 5 5 3 3 3
"79" 24 "male" 20.2865079117381 2.8 FALSE 5 3 4 4 3 4 3 3 3 2 4 5 3 3 4 3 3 3 3 2 3 3 5 2 4 4 1 4 4 3 4 4 3 5
"80" 18 "female" 19.7776986669831 2.3 FALSE 3.5 3 5 5 4 4 1 2 2 4 4 5 2 4 3 5 3 4 4 5 2 1 5 1 5 5 4 1 5 3 2 4 2 3
"81" 21 "female" 27.8851873884593 3.5 TRUE 1 3 4 5 5 5 1 1 5 2 5 5 1 1 1 1 5 5 4 5 5 1 5 5 5 5 2 2 1 3 3 4 1 5
"82" 22 "female" 20.5456936226167 3.5 TRUE 2 3 2 5 3 3 2 1 4 3 3 5 3 3 1 2 4 4 4 2 1 3 5 1 4 4 3 2 3 3 3 3 3 3
"83" 19 "female" 24.4560634171024 3.3 FALSE 3 3 1 4 2 3 2 1 3 4 3 4 1 3 1 3 1 2 3 1 1 1 4 2 2 5 4 2 2 5 5 3 1 5
"84" 19 "female" 21.7993079584775 2.7 FALSE 2 3 3 5 2 1 3 4 4 4 2 3 1 2 1 3 5 4 3 3 1 4 5 1 3 3 4 3 2 4 4 5 3 3
"85" 21 "male" 21.2228082768952 2.5 FALSE 1.5 2 1 5 5 5 1 1 1 2 4 3 1 3 5 2 1 3 3 1 4 1 5 5 5 5 1 4 2 2 3 3 1 5
"86" 21 "male" 23.1481481481481 3.1 FALSE 3 1 1 5 3 3 2 2 4 3 3 3 1 2 5 5 4 4 2 3 2 2 5 3 3 5 3 5 5 4 4 3 1 5
"87" 19 "male" 24.4535684096124 2.7 FALSE 2.5 1 1 5 3 1 1 1 1 1 2 4 5 4 3 1 1 1 4 1 4 1 2 1 1 5 1 5 5 5 5 1 1 2
"88" 19 "male" 18.75 2.9 FALSE 3 3 1 5 3 2 1 1 1 1 2 1 1 1 5 2 2 1 1 1 2 1 5 2 3 5 3 5 5 3 5 5 3 5
"89" 22 "male" 20.0177299894192 3.2 FALSE 5 4 1 3 5 5 1 1 1 1 3 5 2 1 1 3 2 2 5 5 3 1 3 3 3 2 2 5 5 1 3 5 3 5
"90" 18 "female" 19.0519737844841 2.6 FALSE 3 3 3 5 3 4 1 1 2 2 4 2 1 3 2 4 1 2 1 4 1 1 3 2 1 5 4 2 1 4 3 5 1 3
"91" 21 "female" 23.9994591671174 2.3 FALSE 2.5 3 1 5 4 4 3 2 4 5 4 5 3 2 4 4 3 3 2 3 2 2 5 2 2 5 5 3 2 5 5 3 2 3
"92" 18 "male" 23.9132745243915 2.8 FALSE 3 3 1 5 3 1 3 2 3 1 2 4 5 4 1 4 3 3 3 1 1 2 4 1 4 5 3 4 5 4 5 5 4 5
"93" 20 "female" 19.4869614512472 3.1 FALSE 3 4 4 5 3 1 2 3 5 4 1 5 2 5 1 4 5 5 5 2 1 4 5 4 5 5 4 5 4 5 5 5 2 5
"94" 21 "male" 21.6049382716049 2.1 FALSE 3 1 2 4 4 3 3 2 4 2 2 4 4 3 3 3 4 4 4 3 3 2 4 4 4 4 2 3 5 4 4 5 3 4
"95" 24 "male" 23.355636914531 2.8 FALSE 4.5 3 1 5 5 1 3 1 3 2 2 4 5 1 1 2 3 1 1 1 1 2 4 1 2 4 3 1 4 4 5 5 3 3
"96" 19 "male" 24.1516725033209 3 FALSE 3.5 3 2 5 3 4 4 5 5 3 4 5 1 2 4 4 4 5 3 5 3 4 5 2 3 5 5 5 5 5 5 4 3 4
"97" 17 "female" 21.6128117913832 3.3 FALSE 2.5 3 1 4 3 2 2 1 4 1 2 4 4 3 2 1 1 2 3 2 2 3 5 3 5 5 4 3 2 4 4 3 1 5
"98" 18 "male" 20.9839876033058 3.5 TRUE 2 2 1 5 2 2 2 4 4 2 3 5 5 3 2 2 2 3 1 3 1 4 5 1 4 4 2 5 5 3 3 4 3 5
"99" 21 "male" 20.4528853177502 2.8 FALSE 3 4 1 5 4 4 5 2 3 1 4 4 1 1 1 4 5 4 4 4 4 1 4 1 2 5 3 4 5 4 3 4 5 4
"100" 22 "female" 20.3222528668892 4.4 TRUE 2 3 3 5 3 4 3 2 5 3 3 4 2 2 3 3 4 4 5 2 4 4 4 1 2 4 4 2 2 5 4 4 2 4
"101" 20 "female" 20.3244382551093 3 FALSE 2.5 3 5 5 3 4 2 2 4 3 3 3 2 2 1 3 4 2 3 5 4 1 5 1 3 4 4 3 1 4 4 4 1 2
"102" 19 "female" 20.3244382551093 2.2 FALSE 1 3 1 5 3 2 1 1 3 4 4 4 1 3 2 2 2 3 3 1 1 4 5 1 4 4 3 2 2 5 5 3 2 4
"103" 21 "female" 21.3577955953923 4.1 TRUE 1 2 1 5 3 2 2 2 2 1 3 5 1 2 1 1 2 4 5 2 1 1 4 1 2 5 5 3 3 5 5 3 1 2
"104" 18 "female" 20.2020202020202 3.8 TRUE 1 2 1 5 3 2 2 1 1 3 5 3 2 1 1 1 1 2 1 4 1 1 4 1 2 4 5 2 2 4 2 4 1 4
"105" 23 "male" 19.5918367346939 2.4 FALSE 2.5 3 1 5 3 1 2 2 4 1 3 4 2 4 2 4 4 4 4 2 1 1 5 3 2 3 2 2 3 2 2 3 3 2
"106" 16 "female" 20.8325296091972 3 FALSE 1.5 3 1 4 2 4 2 1 3 2 4 2 2 1 2 2 2 2 1 2 3 2 3 2 3 4 3 1 2 3 3 2 1 2
"107" 23 "male" 25.4640108646446 2.2 FALSE 2.5 2 4 5 5 4 1 2 4 4 2 5 5 2 1 3 5 5 3 4 3 2 3 1 3 5 4 2 5 4 4 5 3 5
"108" 21 "male" 26.2345679012346 2 FALSE 2.5 2 1 4 3 2 3 4 2 1 4 4 2 2 4 2 2 4 1 1 3 1 4 4 4 4 3 3 4 3 4 1 3 4
"109" 23 "female" 23.0111768573307 2.8 FALSE 3 3 2 5 3 3 2 2 5 3 1 5 2 4 1 3 4 4 5 3 1 3 4 4 4 3 2 2 2 4 4 5 2 5
"110" 20 "female" 27.0416441319632 3.1 FALSE 3 3 1 5 3 3 3 3 3 4 3 5 3 1 3 1 5 5 3 3 1 3 3 1 4 4 2 1 1 2 4 5 1 4
"111" 20 "female" 21.9075824577062 3 FALSE 3.5 3 4 5 3 3 3 2 3 2 2 4 3 3 2 4 5 3 4 3 2 2 5 2 3 5 4 4 3 4 4 3 2 2
"112" 20 "female" 21.0771952275208 2.9 FALSE 1 3 1 3 5 4 1 1 3 1 4 4 1 4 4 1 1 1 2 1 1 1 3 1 2 4 4 1 1 5 5 3 1 4
"113" 19 "female" 20.4283571132178 3.4 TRUE 2.5 1 1 4 3 3 3 4 4 3 4 4 3 3 3 4 3 4 4 2 3 3 5 2 4 4 3 4 4 3 3 4 2 4
"114" 15 "female" 16.3720805907314 3.4 TRUE 2 5 5 5 5 5 1 5 5 5 5 5 5 1 2 3 1 5 5 5 5 2 5 1 4 3 5 5 5 2 5 2 1 1
"115" 20 "female" 23.6712536295922 2.9 FALSE 1.5 3 2 5 4 5 3 1 2 2 4 5 2 2 2 3 4 3 4 3 1 1 5 1 1 4 5 2 2 5 5 5 2 2
"116" 18 "male" 27.6517490402427 2.2 FALSE 3 3 2 5 4 3 1 1 2 2 4 2 1 2 5 2 1 1 1 1 3 1 5 3 5 2 1 4 3 3 3 3 4 5
"117" 15 "female" 17.6470588235294 3.4 TRUE 1.5 2 1 5 4 3 1 1 1 1 4 4 1 5 2 4 3 2 2 2 1 1 5 4 4 5 5 5 4 2 5 4 1 3
"118" 20 "female" 17.3010380622837 3.2 FALSE 3.5 1 5 5 3 2 4 1 4 2 1 3 1 1 1 2 5 1 1 3 1 3 5 1 1 2 2 1 4 5 4 5 1 4
"119" 16 "female" 20.4152249134948 4.8 TRUE 2 3 3 5 3 4 3 3 3 3 3 3 1 1 4 4 4 4 4 4 4 2 5 5 3 5 5 5 3 5 5 5 3 4
"120" 18 "male" 18.1154127100073 3.2 FALSE 4 3 1 5 3 2 1 3 5 1 3 5 4 4 3 5 4 4 5 1 1 3 4 3 5 5 2 4 5 3 3 5 2 4
"121" 21 "male" 26.2965668371074 3.1 FALSE 5 3 4 5 3 4 3 2 3 2 4 3 1 1 5 1 1 1 1 1 1 3 5 4 4 5 4 3 5 2 2 4 3 4
"122" 19 "female" 18.7783446712018 3.1 FALSE 3 3 5 5 4 5 3 2 3 3 5 4 1 2 5 3 4 4 1 2 3 2 5 3 3 5 5 2 1 3 4 1 2 3
"123" 19 "female" 22.4913494809689 2.7 FALSE 2 3 1 3 4 1 3 1 3 1 3 5 5 4 4 3 1 1 5 5 2 1 3 3 1 5 5 1 1 5 5 5 1 1
"124" 19 "female" 28.6501377410468 3.3 FALSE 1.5 2 1 1 4 4 1 1 2 2 2 4 1 1 1 2 1 1 3 2 3 2 4 2 4 4 4 1 2 2 2 4 1 1
"125" 18 "male" 24.2512783053324 2.8 FALSE 2.5 3 1 5 4 3 2 3 2 2 3 5 4 3 5 2 2 2 4 2 1 1 5 2 3 3 3 4 3 4 2 4 2 4
"126" 20 "male" 20.2020202020202 2.6 FALSE 3.5 3 3 4 3 4 4 4 3 3 5 3 2 3 4 3 2 4 3 3 3 2 4 4 4 5 5 4 3 3 3 4 3 4
"127" 19 "male" 25.1063327032136 2.4 FALSE 2.5 2 1 2 3 1 3 1 3 4 1 2 2 2 3 2 1 1 1 1 1 2 3 2 2 4 2 5 5 4 4 4 2 2
"128" 22 "female" 19.4707778735357 2.6 FALSE 4.5 4 1 5 2 2 2 3 4 4 3 5 5 3 1 2 4 4 3 1 1 4 5 2 4 4 3 4 2 2 2 3 1 4
"129" 20 "male" 30.8641975308642 2.7 FALSE 4.5 1 1 5 4 3 1 1 3 2 2 4 4 4 2 5 4 4 4 2 2 1 5 4 4 5 2 2 2 3 3 2 1 4
"130" 25 "male" 24.9134948096886 3 FALSE 4 3 1 5 3 5 2 2 3 3 4 4 2 1 4 3 3 4 3 2 2 2 5 5 3 5 3 2 5 2 3 5 2 4
"131" 24 "male" 23.6669101533966 2.4 FALSE 1 3 1 5 3 1 2 4 5 1 1 5 4 4 2 2 3 3 3 2 1 3 4 4 4 5 3 2 5 1 1 5 3 4
"132" 19 "female" 24.6229609110496 4.1 TRUE 3 3 4 5 4 4 3 3 5 2 3 3 2 3 3 2 4 3 4 2 2 3 4 5 4 3 3 4 2 3 4 3 1 2
"133" 25 "male" 30.9617287497207 3.2 FALSE 2.5 3 1 5 4 2 4 3 4 2 3 5 2 5 3 5 2 3 3 2 1 2 5 4 4 4 4 3 3 3 2 3 2 4
"134" 26 "male" 19.5918367346939 2.6 FALSE 2 2 1 5 5 4 4 4 2 2 4 4 4 4 2 2 2 1 2 1 1 2 5 5 5 3 2 4 5 3 3 3 4 4
"135" 15 "female" 18.75 3.2 FALSE 5 3 2 5 3 4 2 1 3 2 5 4 1 3 4 5 4 3 3 2 5 1 5 4 4 5 5 4 1 5 5 2 1 4
"136" 19 "male" 20.9905409714104 3.2 FALSE 5 1 4 5 3 3 2 1 2 1 1 5 4 5 3 5 4 4 5 1 3 1 5 5 4 5 3 5 5 4 4 4 1 3
"137" 20 "female" 24.6755002704164 3.7 TRUE 3 4 1 5 3 2 2 2 2 2 4 5 3 3 4 3 2 3 2 2 3 2 5 2 5 5 3 5 2 4 4 3 1 5
"138" 22 "male" 20.9711720226843 2.9 FALSE 1 4 2 5 5 3 1 1 2 1 4 3 2 1 1 1 1 1 3 1 5 1 4 5 5 3 3 5 3 2 2 4 1 3
"139" 20 "female" 21.2585034013605 2.7 FALSE 2 3 4 5 4 5 2 4 3 1 4 1 1 1 5 3 3 2 1 5 2 1 5 1 1 5 5 2 5 3 2 4 1 3
"140" 21 "female" 25.0761930481077 2.6 FALSE 3.5 4 1 5 5 1 2 1 3 1 1 3 5 2 1 1 1 1 2 2 1 5 4 4 4 5 3 3 2 3 4 3 1 4
"141" 20 "female" 21.9135802469136 3.8 TRUE 4 1 1 5 4 4 1 2 4 3 4 4 1 3 3 3 3 4 2 1 1 1 5 5 5 5 3 3 3 4 4 4 3 4
"142" 19 "female" 23.1246703720232 3.3 FALSE 1 3 1 5 3 2 1 2 4 4 3 5 4 3 1 1 3 3 4 1 1 1 5 3 2 2 1 2 4 3 5 3 2 3
"143" 19 "male" 20.6611570247934 2.8 FALSE 4 4 2 4 3 2 3 2 2 1 3 4 2 2 2 3 5 4 5 4 1 1 3 1 2 5 2 3 5 4 5 4 1 3
"144" 20 "male" 22.2222222222222 3.7 TRUE 4 2 1 5 4 3 1 2 4 3 4 4 1 1 4 3 3 3 2 1 1 1 5 5 5 5 3 3 4 3 4 3 2 4
"145" 22 "male" 23.2997998958362 3.5 TRUE 3.5 4 1 5 3 2 3 3 4 4 2 5 5 5 2 4 4 4 4 2 1 3 3 3 3 4 2 5 4 3 4 5 3 3
"146" 21 "male" 21.4475678458063 2.9 FALSE 3.5 3 1 5 3 2 1 2 4 4 3 2 1 1 2 1 2 3 2 1 5 4 5 4 3 5 4 5 3 3 4 5 3 4
"147" 17 "female" 22.9590876585494 3.6 TRUE 4.5 1 1 5 3 1 1 1 5 3 3 5 5 2 3 4 4 4 2 4 2 1 4 2 4 5 5 1 1 4 5 2 1 2
"148" 26 "male" 24.5089457652043 3 FALSE 4 3 1 5 3 1 4 2 4 3 1 5 5 3 1 3 3 3 5 2 1 3 5 3 4 5 5 4 3 4 4 5 3 4
"149" 20 "female" 19.53125 3 FALSE 1 2 1 4 3 1 3 3 5 2 2 4 4 3 1 2 2 4 3 2 1 4 3 3 3 3 2 2 2 5 5 4 3 3
"150" 22 "male" 22.6421929718633 2.9 FALSE 2.5 3 3 4 3 1 2 2 5 2 1 1 2 1 1 1 4 1 1 1 4 5 4 4 4 4 2 4 5 4 5 5 2 4
"151" 21 "male" 19.5918367346939 2.7 FALSE 1 1 1 4 4 2 1 1 3 3 2 5 4 5 2 2 1 4 4 1 1 1 4 5 5 5 1 5 1 1 1 4 1 3
"152" 23 "male" 24.6913580246914 2.4 FALSE 3 2 2 5 3 4 3 3 4 3 3 4 3 3 4 4 5 3 3 5 3 3 4 2 3 4 2 2 3 3 3 3 3 3
"153" 19 "female" 18.8271110398974 2.6 FALSE 3.5 3 1 5 3 4 3 2 4 4 4 5 4 3 2 4 3 2 3 4 1 5 5 1 4 5 4 3 1 5 5 4 2 4
"154" 21 "female" 28.075042938301 4.1 TRUE 2 4 2 5 4 2 2 2 3 4 2 5 1 2 1 1 4 5 5 1 1 2 5 3 3 5 2 3 1 3 3 3 2 1
"155" 19 "female" 19.7210369679802 2.8 FALSE 4 3 1 3 3 3 1 1 2 5 3 2 1 1 4 3 3 4 1 5 3 1 5 1 2 5 5 3 3 5 5 3 2 3
"156" 29 "female" 22.7583067819754 2.6 FALSE 3.5 4 3 4 2 2 4 2 3 3 4 2 1 1 1 1 3 2 2 3 2 4 4 1 2 5 5 2 2 4 1 5 2 2
"157" 22 "female" 23.8884409806205 4.5 TRUE 1.5 1 1 5 3 1 2 2 2 1 4 3 2 2 1 1 2 1 5 1 5 1 4 2 4 4 1 2 2 2 2 2 1 3
"158" 19 "female" 19.0311418685121 2.8 FALSE 3 3 2 3 3 3 3 2 5 4 3 3 1 1 3 2 2 2 2 2 1 4 2 2 2 2 2 2 5 5 5 5 3 3
"159" 17 "female" 19.5964581216432 3.1 FALSE 2.5 3 3 5 3 1 3 2 5 3 1 4 5 4 1 1 1 3 2 1 1 4 5 5 5 4 4 4 5 3 3 4 5 4
"160" 16 "female" 19.2276878705336 3.5 TRUE 4.5 4 1 4 4 2 2 2 4 2 2 4 5 3 2 3 2 3 3 2 2 3 4 3 5 4 4 3 3 4 4 4 2 2
"161" 29 "female" 26.171875 2.6 FALSE 2 3 4 5 3 2 5 2 4 5 5 2 1 1 1 3 4 3 4 3 1 4 4 1 2 4 5 1 1 5 5 4 1 1
"162" 18 "female" 26.0374939913475 3.6 TRUE 3 3 4 5 1 4 1 2 3 3 5 4 1 3 5 2 1 3 2 3 4 1 5 3 3 5 4 3 2 5 5 4 1 2
"163" 26 "male" 24.5089457652043 2.8 FALSE 4 3 1 5 3 1 4 3 5 3 1 5 5 4 1 3 3 5 5 1 1 3 5 3 4 5 5 4 3 3 4 5 1 4
"164" 19 "male" 23.291229956105 3 FALSE 3.5 3 1 5 4 1 2 1 3 2 2 4 2 4 2 3 1 5 5 1 1 1 5 3 5 4 2 4 4 3 3 2 2 3
"165" 19 "male" 20.4528853177502 3 FALSE 4 2 2 5 3 2 2 2 3 2 2 3 1 1 5 3 3 3 3 2 1 2 4 5 5 5 4 3 3 3 2 3 2 4
"166" 20 "female" 22.4081789853296 2.5 FALSE 5 3 3 5 3 2 2 2 2 3 4 4 3 3 4 4 3 3 3 3 3 3 5 1 2 5 5 4 3 5 5 4 3 3
"167" 22 "female" 18.359375 3.3 FALSE 3 3 5 5 3 3 2 3 1 4 2 2 1 1 3 2 2 1 1 3 1 1 5 4 4 5 5 1 3 3 2 1 1 1
"168" 20 "male" 25.4364666435426 1.4 FALSE 3 3 1 5 3 3 4 2 2 2 3 5 3 5 5 4 2 5 2 2 2 2 3 5 3 3 2 3 5 5 5 3 2 3
"169" 21 "male" 25.7255174008556 2.7 FALSE 4 3 4 5 4 4 1 1 1 1 2 3 1 1 4 2 1 1 1 2 4 1 4 1 4 5 2 3 3 3 3 4 2 4
"170" 21 "male" 19.2570288155177 4.1 TRUE 3.5 2 1 4 3 3 1 2 4 3 4 4 4 3 5 4 3 4 2 2 2 1 5 4 4 5 5 5 5 4 4 5 4 3
"171" 19 "female" 18.8189243102864 2.8 FALSE 3.5 3 5 5 3 4 2 2 3 1 4 5 3 3 3 3 2 2 2 4 3 3 5 3 3 5 5 3 3 5 5 2 2 4
"172" 24 "female" 17.8565176289346 3.3 FALSE 1 3 1 5 3 3 3 2 3 3 2 5 4 4 2 5 4 5 4 3 1 2 5 1 2 4 2 5 1 4 5 4 2 3
"173" 19 "female" 20.703125 3.5 TRUE 2.5 4 4 5 1 2 4 3 5 5 4 4 3 1 1 1 4 5 3 4 1 5 5 1 1 4 4 3 3 5 4 5 2 1
"174" 25 "male" 25.1063327032136 2.6 FALSE 3 3 1 5 3 5 2 2 5 5 3 4 4 3 1 2 4 4 3 1 1 5 5 5 4 4 1 4 4 2 2 4 4 5
"175" 20 "female" 21.4532871972318 3.3 FALSE 5 3 2 5 3 2 3 3 4 5 3 3 1 4 2 2 3 4 2 4 1 4 5 5 5 5 5 5 5 5 5 5 1 4
"176" 19 "female" 20.7612456747405 3 FALSE 4 3 2 5 3 3 2 1 3 2 4 4 1 5 4 5 5 5 3 3 1 2 3 3 4 4 2 3 5 5 3 4 1 3
"177" 23 "male" 24.2202268431002 3.3 FALSE 3.5 4 4 5 4 5 5 5 5 1 4 5 4 3 4 4 4 5 3 4 5 1 5 5 5 5 5 5 5 5 5 5 5 5
"178" 21 "female" 17.7556818181818 3.1 FALSE 4 5 5 5 4 5 1 2 2 5 5 5 1 1 5 4 4 5 2 5 4 1 5 2 5 5 5 3 3 5 1 3 2 5
"179" 20 "male" 21.4532871972318 2.6 FALSE 3 4 2 5 3 1 3 3 5 1 2 4 2 3 3 2 4 5 5 1 2 5 5 5 5 5 3 5 5 5 5 5 3 5
"180" 20 "female" 24.4472789115646 2.6 FALSE 3 3 2 5 4 4 2 3 3 4 5 5 2 5 4 2 2 2 4 3 5 2 5 1 3 5 4 3 3 5 5 4 2 5
"181" 18 "female" 18.3768251528618 3.4 TRUE 2.5 3 1 4 3 2 2 2 3 3 3 5 4 3 2 2 5 5 4 3 1 2 5 1 3 5 2 3 2 4 4 5 3 4
"182" 27 "male" 24.6913580246914 2.1 FALSE 5 1 5 1 3 2 2 1 1 1 3 1 1 1 5 1 1 1 1 5 1 1 4 5 1 5 3 1 5 1 1 3 4 5
"183" 17 "female" 25.5937370619895 2.5 FALSE 2 3 1 5 4 1 1 1 1 1 1 4 5 3 2 1 1 3 1 1 2 1 4 4 2 3 1 1 4 1 1 3 1 2
"184" 19 "female" 18.9370029036738 3.1 FALSE 2.5 3 3 5 3 4 1 3 2 5 4 3 1 2 3 1 2 4 4 3 2 3 5 1 3 5 5 3 2 5 5 4 2 4
"185" 18 "male" 21.1327134404057 2.1 FALSE 3 4 5 5 4 2 1 3 2 3 4 3 1 1 4 3 1 2 2 1 3 2 5 3 2 5 3 5 5 3 4 5 1 5
"186" 26 "male" 24.4140625 2.5 FALSE 5 1 1 5 5 5 1 1 1 2 3 1 1 1 5 2 1 1 1 2 5 1 5 5 5 5 1 3 5 3 3 5 3 5
"187" 18 "male" 22.5 1.8 FALSE 5 4 2 5 3 4 3 3 4 2 1 3 1 2 5 4 4 2 5 3 1 3 5 3 3 5 3 2 3 4 5 4 3 4
"188" 30 "male" 22.4087867693473 1.7 FALSE 4 3 1 5 3 4 5 1 4 3 3 5 5 4 5 5 5 4 4 3 4 3 5 4 5 5 3 4 3 4 5 4 3 2
"189" 24 "female" 17.9418172497757 3.5 TRUE 3 2 1 5 3 3 2 4 4 3 5 5 3 3 2 1 4 3 3 3 1 1 5 1 3 5 5 3 3 5 5 3 3 3
"190" 20 "female" 18.0697278911565 2.9 FALSE 5 1 5 5 3 3 3 2 3 1 4 2 2 1 4 3 4 2 2 5 2 2 5 1 2 5 3 2 2 4 5 4 1 4
"191" 20 "male" 18.9291508923743 3.8 TRUE 2.5 1 1 5 3 2 2 3 5 4 4 5 3 4 3 3 2 3 5 2 1 2 5 4 3 4 3 4 5 2 4 3 1 5
"192" 20 "male" 20.6611570247934 2.7 FALSE 3 3 3 5 4 2 3 2 4 4 2 5 2 4 3 4 4 5 5 3 2 2 5 3 3 4 2 5 5 2 4 5 3 5
"193" 19 "female" 24.092970521542 2.6 FALSE 3 3 1 5 2 2 4 3 5 3 2 4 3 3 2 3 5 3 4 4 1 3 5 2 4 3 3 2 4 4 5 5 2 4
"194" 20 "female" 19.4734066290722 2.8 FALSE 3 4 4 4 3 3 5 3 4 2 3 3 1 2 1 2 5 4 4 3 2 3 5 1 2 3 2 5 5 3 3 4 3 3
"195" 21 "male" 24.3910588392529 2.2 FALSE 4 2 2 4 3 4 2 4 1 1 4 3 1 4 2 5 3 3 2 2 3 3 3 1 3 4 1 2 2 3 2 3 3 5
"196" 19 "female" 21.0498179023689 2.8 FALSE 4.5 3 5 5 2 2 5 4 5 5 5 3 1 3 4 3 3 3 3 5 2 3 4 1 3 4 4 4 4 4 4 4 2 4
"197" 19 "female" 18.8092062514962 3.2 FALSE 3 4 5 5 1 3 2 3 2 2 4 5 3 3 1 2 3 5 1 5 1 1 5 4 4 5 5 2 1 4 3 3 1 3
"198" 19 "female" 21.2585034013605 4.4 TRUE 3.5 3 2 5 3 1 2 4 4 1 2 3 2 2 3 4 5 3 1 4 3 1 5 4 5 5 5 5 5 2 3 3 2 5
"199" 18 "female" 17.6308539944904 2.9 FALSE 5 4 4 4 4 4 2 2 4 3 4 4 4 4 4 4 2 4 3 4 4 1 5 5 5 5 5 4 3 4 4 3 2 3
"200" 18 "female" 23.0300453514739 2.9 FALSE 3 2 2 4 4 4 4 3 2 1 4 5 4 4 2 4 1 3 4 5 1 1 3 1 1 5 5 2 2 5 5 4 2 3
"201" 16 "female" 21.1388558594266 2.5 FALSE 3 3 1 5 3 1 1 1 3 3 3 5 4 2 1 1 3 4 2 4 1 2 5 1 2 5 3 1 4 5 5 3 2 3
"202" 19 "female" 19.4931773879142 2.7 FALSE 4 4 2 1 3 3 3 2 3 5 4 4 3 3 2 4 3 4 2 4 1 1 5 2 3 5 3 3 5 5 5 5 2 5
"203" 18 "female" 21.3839419960573 2.9 FALSE 3.5 2 4 5 4 4 2 1 3 3 4 3 1 1 5 4 3 2 2 5 3 2 4 3 2 5 5 2 3 5 5 4 2 3
"204" 19 "female" 19.4734066290722 2.6 FALSE 2 4 2 5 2 2 1 2 2 3 4 2 1 1 5 3 2 3 2 4 1 1 5 5 4 5 5 3 4 5 5 3 2 3
"205" 21 "female" 19.7133215276154 2.7 FALSE 3 3 3 5 3 4 2 1 5 2 2 4 1 3 3 3 4 4 4 2 2 4 5 1 3 5 3 3 3 4 4 2 1 4
"206" 21 "male" 24.6913580246914 2.6 FALSE 5 3 1 3 4 2 1 1 1 1 2 3 2 1 2 2 2 2 2 1 2 1 3 3 3 5 3 3 4 5 5 4 3 4
"207" 18 "female" 18.5185185185185 2.2 FALSE 4 4 1 5 4 2 1 1 3 5 3 3 1 2 5 3 3 3 3 2 1 4 5 3 3 4 4 4 5 4 3 3 2 4
"208" 21 "female" 20.5714285714286 2.6 FALSE 2 3 2 3 3 3 2 1 2 5 5 4 1 1 1 1 2 2 1 4 1 3 5 1 5 5 4 4 2 3 2 2 1 3
"209" 20 "female" 17.96875 2.8 FALSE 2.5 3 1 5 3 5 2 4 3 5 5 5 2 3 2 3 3 4 3 5 2 1 5 5 5 5 4 2 1 5 5 2 1 4
"210" 19 "female" 20.2812330989724 2.7 FALSE 5 3 2 5 3 2 3 3 2 2 3 4 3 4 4 5 4 5 5 3 1 1 5 5 4 5 3 2 1 5 5 3 2 5
"211" 27 "male" 24.6913580246914 2.5 FALSE 3 3 1 5 3 3 2 3 4 1 4 5 2 2 3 4 4 4 1 5 1 4 5 4 4 5 4 5 5 5 2 5 5 5
"212" 22 "female" 24.9770431588613 3.2 FALSE 3.5 3 5 5 3 3 2 1 4 5 3 5 2 3 3 4 5 3 5 4 2 1 5 1 1 5 5 2 3 4 5 5 1 2
"213" 19 "female" 21.484375 3 FALSE 2 4 3 5 3 4 1 1 4 3 4 5 4 3 4 2 2 2 2 2 3 3 5 4 4 5 5 4 3 5 5 3 2 5
"214" 19 "female" 20.2020202020202 3 FALSE 4 3 3 5 3 3 4 4 4 4 5 5 4 4 2 2 4 4 4 5 2 4 5 4 4 5 3 5 3 5 5 5 2 5
"215" 20 "female" 20.338326446281 3 FALSE 4 3 3 5 3 3 2 1 2 2 4 3 2 2 4 4 2 2 2 4 2 1 5 3 5 5 5 4 2 2 2 2 2 3
"216" 19 "female" 22.3081499107674 2.5 FALSE 4.5 3 1 5 5 5 2 2 3 5 5 5 2 4 4 4 3 3 2 4 5 2 5 5 4 5 5 5 3 5 5 5 2 2
"217" 20 "female" 18.3142559833507 3.3 FALSE 4 3 3 5 2 2 2 3 3 3 4 5 1 2 2 1 3 2 5 4 2 4 5 2 2 5 5 4 4 5 5 4 3 4
"218" 17 "female" 20.4381655849977 3.1 FALSE 3.5 3 2 5 3 3 1 2 1 1 3 1 1 1 1 1 1 1 1 1 1 1 3 5 5 5 5 3 1 2 1 2 1 2
"219" 23 "female" 20.1771485243323 2.6 FALSE 2.5 4 1 5 3 5 3 2 2 5 5 3 1 1 4 2 1 5 2 5 3 2 5 1 2 5 5 1 5 5 2 3 1 4
"220" 20 "female" 20.0288415318058 2.7 FALSE 4 4 3 5 3 2 5 4 5 5 3 5 4 3 3 3 4 4 4 5 1 4 5 1 3 4 4 2 1 5 5 5 4 2
"221" 20 "female" 20.7612456747405 2.2 FALSE 3 4 3 5 3 3 4 2 1 2 5 2 1 1 3 2 1 2 1 5 1 1 3 2 2 5 5 2 2 5 5 2 2 2
"222" 19 "male" 19.6232339089482 2.6 FALSE 5 3 2 5 3 5 3 2 3 3 4 4 3 1 4 2 3 3 3 2 5 2 5 3 4 5 3 5 5 4 5 5 4 5
"223" 20 "female" 19.0194420963652 2.8 FALSE 3 1 1 5 4 1 2 1 5 1 1 5 5 2 1 1 4 3 5 2 1 1 5 4 5 5 2 5 3 5 5 3 1 2
"224" 19 "male" 24.736530186297 3 FALSE 2 2 3 3 3 3 3 3 3 3 3 3 3 3 3 3 3 3 3 3 3 3 3 3 3 3 3 3 3 3 3 3 3 3
"225" 18 "female" 17.3010380622837 3.6 TRUE 3.5 4 5 5 3 4 2 3 2 2 5 2 1 2 2 1 1 1 1 3 1 1 5 5 4 5 5 4 1 4 5 3 1 4
"226" 19 "female" 20.2020202020202 3.8 TRUE 2.5 4 3 5 4 3 4 2 5 4 2 5 2 1 3 3 5 3 5 2 3 4 4 1 2 3 3 3 3 4 4 5 3 3
"227" 15 "female" 17.110020661157 2.3 FALSE 4.5 1 2 5 5 5 2 2 2 4 5 4 2 2 4 3 2 4 3 5 3 2 5 4 2 5 4 3 2 4 5 1 1 3
"228" 15 "female" 16.9550173010381 3 FALSE 2 1 1 5 3 3 2 1 2 3 5 2 1 1 4 3 3 2 1 1 1 1 5 3 3 5 5 4 2 2 2 2 1 3
"229" 19 "female" 25.5102040816327 3.2 FALSE 3 4 3 5 3 3 3 2 3 3 4 4 1 1 2 2 4 3 1 4 1 2 5 2 3 5 5 3 3 4 4 3 2 2
"230" 21 "female" 18.4425458240807 1.8 FALSE 3 5 4 5 3 4 3 4 4 3 2 4 4 4 3 2 2 3 2 3 2 3 4 2 3 5 4 2 2 5 5 4 4 4
"231" 19 "female" 20.3427977839335 3 FALSE 3.5 4 5 5 3 3 2 1 2 2 5 2 1 1 2 3 3 3 2 5 1 2 4 1 1 5 5 4 2 5 5 5 2 3
"232" 17 "female" 22.8328793462586 2.9 FALSE 1 3 1 5 3 3 1 2 4 4 3 5 3 4 1 1 1 3 2 4 2 4 5 4 4 4 3 3 4 4 4 4 2 3
"233" 24 "male" 25.5354463915222 2.4 FALSE 4.5 3 3 5 3 4 3 1 1 1 4 5 5 5 5 5 4 5 4 2 1 1 5 4 3 4 2 1 5 3 3 4 2 5
"234" 19 "female" 19.0311418685121 3.7 TRUE 1.5 3 1 5 3 2 4 3 5 3 2 5 5 5 2 5 4 3 5 2 1 5 5 3 2 5 2 2 4 3 5 5 1 2
"235" 19 "female" 21.1463199091024 2.5 FALSE 4 2 3 5 3 4 2 2 4 4 4 4 2 4 4 4 5 4 4 4 4 3 5 3 5 4 5 4 5 5 5 4 3 3
"236" 22 "female" 20.7612456747405 2.7 FALSE 3 3 4 5 4 5 3 3 2 2 4 3 1 1 4 3 2 4 1 3 2 1 4 3 3 5 4 1 2 3 4 5 2 2
"237" 20 "female" 24.2214532871972 3.4 TRUE 3 2 3 5 3 3 3 4 4 5 3 4 4 3 2 2 4 3 3 5 4 3 5 4 3 5 4 5 3 5 5 4 3 4
"238" 19 "male" 21.5029425079221 2.6 FALSE 4.5 3 1 5 3 2 1 3 3 1 4 5 3 1 2 2 3 5 1 2 2 2 5 5 4 5 4 5 5 3 3 4 4 4
"239" 19 "male" 26.2345679012346 2.5 FALSE 3 4 2 5 4 3 5 2 4 3 3 4 2 3 5 5 2 3 5 4 3 3 5 4 4 5 2 5 3 5 5 5 3 5
"240" 20 "female" 20.4467420238417 3 FALSE 2 3 1 5 3 4 2 2 2 1 4 3 1 3 3 3 1 1 1 2 2 1 4 3 3 5 5 3 2 5 5 5 1 1
"241" 18 "female" 21.7775533392248 3.5 TRUE 5 3 5 5 3 4 2 1 3 4 2 5 5 3 2 3 2 2 4 5 5 2 4 1 1 5 5 3 1 3 4 3 2 4
"242" 19 "male" 23.355636914531 3.2 FALSE 3 4 3 5 3 4 2 3 4 1 2 4 4 5 4 4 5 5 2 5 3 2 4 1 4 5 2 3 3 4 1 5 5 5
"243" 20 "female" 18.3654729109275 3.3 FALSE 1.5 3 1 5 3 1 1 2 1 2 3 2 1 1 1 2 1 2 2 3 1 1 3 3 4 5 2 1 1 3 3 1 1 2
"244" 20 "male" 21.4619366241636 1.3 FALSE 5 4 1 1 2 1 1 1 1 1 1 1 1 1 1 1 1 1 1 1 1 1 5 4 4 4 2 5 5 5 5 4 2 5
"245" 20 "female" 19.4869614512472 2.1 FALSE 3 4 3 5 4 3 1 1 3 3 5 5 1 1 3 1 2 1 1 1 1 4 5 3 4 5 4 2 2 3 3 2 1 3
"246" 27 "female" 19.4869614512472 2.9 FALSE 4 3 2 5 3 3 2 2 4 3 4 4 1 3 5 5 3 3 4 4 1 1 5 4 4 5 3 3 4 4 4 4 1 4
"247" 19 "female" 17.5925925925926 3.2 FALSE 3.5 4 2 5 3 3 1 1 3 2 4 4 2 4 4 1 3 3 4 2 3 3 5 3 3 4 4 2 3 4 4 3 2 2
"248" 20 "female" 19.379197433927 2.8 FALSE 3.5 4 3 4 3 4 1 1 2 4 4 4 1 1 4 3 4 4 3 4 1 1 5 2 4 5 5 3 3 5 5 4 1 2
"249" 20 "male" 22.8194045477731 2.4 FALSE 4 3 1 4 3 3 3 3 3 3 3 5 4 4 3 4 3 4 3 3 2 3 4 2 4 4 4 4 3 4 4 3 2 4
"250" 21 "female" 35.4442344045369 2.5 FALSE 1.5 3 3 5 4 5 2 3 2 5 5 4 1 3 3 3 3 3 3 5 2 1 5 2 4 5 5 3 2 5 5 3 2 5
"251" 16 "female" 22.2309871275413 4.6 TRUE 1.5 1 1 5 1 2 2 2 4 4 1 5 4 5 1 4 3 3 5 2 1 2 5 1 1 5 4 5 4 5 5 4 3 1
"252" 18 "female" 20.4381655849977 2.7 FALSE 4.5 4 2 5 3 3 2 5 3 3 4 5 3 2 2 4 3 5 5 3 1 4 5 3 5 3 4 2 5 5 4 4 4 2
"253" 23 "male" 24.9307479224377 2.1 FALSE 5 3 1 5 4 5 1 1 1 1 5 3 2 2 2 4 1 3 3 1 5 1 5 5 5 5 1 4 4 1 1 3 4 5
"254" 19 "male" 23.7353084160256 3.3 FALSE 2.5 3 1 5 3 2 1 2 3 2 2 3 2 3 1 3 3 2 4 2 4 2 5 2 2 4 3 4 2 2 3 2 2 3
"255" 19 "female" 19.1953027964922 3 FALSE 3 4 5 5 3 5 2 3 2 2 4 3 1 1 5 4 4 5 1 5 2 1 5 2 2 5 4 2 5 5 5 4 2 3
"256" 22 "female" 17.3744528717966 2.7 FALSE 3.5 3 2 5 3 4 1 1 3 4 2 4 1 3 5 5 3 2 2 3 1 2 5 5 5 5 3 1 3 5 5 5 1 5
"257" 18 "female" 23.8751147842057 3.1 FALSE 2 4 1 5 2 1 5 2 5 2 2 4 5 3 1 1 3 3 5 1 1 5 3 2 4 1 3 5 4 4 5 5 1 4
"258" 20 "male" 25.4847645429363 2.8 FALSE 1.5 1 1 4 2 1 2 1 5 2 1 5 5 1 1 1 2 1 2 1 1 4 5 1 3 4 2 4 5 5 2 5 4 5
"259" 19 "female" 18.3057694735513 2.9 FALSE 2.5 3 4 5 4 5 4 1 2 5 5 5 2 2 5 3 1 4 1 5 1 2 5 3 4 5 4 1 1 5 5 3 1 1
"260" 25 "female" 27.2508874466636 3.2 FALSE 4.5 4 4 4 5 2 2 4 2 5 4 5 4 2 4 2 2 3 1 5 1 1 5 1 3 5 4 1 3 3 3 3 4 5
"261" 18 "female" 20.703125 2 FALSE 2.5 3 3 5 3 2 2 1 4 4 4 4 2 1 2 3 2 2 1 2 1 3 5 1 3 5 4 3 1 4 4 2 1 4
"262" 20 "female" 22.4081789853296 2.6 FALSE 3 2 4 5 3 3 2 1 2 2 2 5 2 3 2 2 3 4 5 1 1 2 5 1 1 5 5 2 4 5 4 4 1 4
"263" 19 "female" 21.952479338843 3.7 TRUE 4.5 3 1 5 3 1 4 3 2 5 2 5 4 3 1 1 5 5 3 3 1 1 5 1 1 5 3 4 1 5 5 5 1 1
"264" 16 "female" 20.0288415318058 2 FALSE 3 3 5 5 3 4 2 1 3 3 3 4 1 1 4 1 1 4 2 2 2 1 4 5 5 3 2 3 2 3 3 2 1 3
"265" 19 "male" 24.0740740740741 2.8 FALSE 3 3 2 5 5 4 1 1 3 2 4 4 2 1 1 2 1 1 1 3 5 3 3 3 4 3 3 3 2 2 4 3 1 5
"266" 18 "female" 20.4381655849977 2.4 FALSE 4.5 3 3 5 4 5 5 2 5 5 5 5 2 2 5 5 5 3 3 5 2 5 5 4 4 5 4 5 3 4 5 5 3 5
"267" 15 "male" 25.9515570934256 3 FALSE 5 1 1 2 4 2 1 1 2 2 3 4 3 2 3 3 3 3 2 1 2 1 5 4 4 4 3 4 5 2 2 3 1 3
"268" 20 "female" 19.0311418685121 2.3 FALSE 4 3 5 5 4 3 2 2 4 3 4 2 1 1 4 1 3 4 2 4 2 2 5 4 4 5 4 5 3 4 3 3 1 3
"269" 20 "male" 23.1481481481481 2.6 FALSE 5 2 2 5 4 5 4 5 4 5 5 5 5 5 2 5 5 5 5 5 5 4 5 4 4 5 5 5 5 5 5 5 4 5
"270" 20 "male" 20.0850661625709 3.3 FALSE 4 1 2 5 3 1 1 1 3 3 5 2 1 1 2 1 1 1 2 2 1 2 4 1 3 4 1 2 5 4 3 3 2 4
"271" 20 "female" 20.7612456747405 2.3 FALSE 4 3 4 5 3 4 1 1 1 3 3 3 1 2 3 2 1 1 2 2 4 2 4 2 3 5 4 3 2 3 5 3 1 3
"272" 18 "female" 23.5883292204964 3.1 FALSE 2.5 4 3 5 3 4 3 2 4 5 5 4 1 2 3 3 4 3 4 4 3 2 5 1 3 5 5 3 4 5 5 3 2 4
"273" 20 "male" 27.7742709253882 2.9 FALSE 3.5 4 3 5 4 3 2 2 2 2 3 5 4 3 2 3 2 2 5 2 4 1 5 2 4 5 2 3 4 5 5 3 4 5
"274" 16 "female" 20.9571711629325 3 FALSE 3.5 4 5 5 3 3 2 4 3 4 4 5 2 2 5 2 3 5 3 4 3 1 5 5 5 5 4 2 3 3 5 3 4 4
"275" 18 "female" 19.53125 2 FALSE 4.5 4 2 5 3 2 2 1 4 3 2 5 5 5 1 3 3 5 5 3 1 2 4 1 2 5 5 2 3 5 5 5 1 2
"276" 20 "male" 21.4619366241636 3.3 FALSE 4.5 3 1 5 2 2 1 4 5 4 5 4 1 3 1 1 1 3 1 3 1 5 3 2 4 5 4 2 2 3 2 5 1 5
"277" 18 "female" 23.0300453514739 2.8 FALSE 2 3 2 5 3 4 2 2 2 2 5 3 2 3 2 3 3 3 3 3 2 2 5 2 3 5 5 3 2 4 4 3 2 4
"278" 19 "male" 18.1154127100073 2.6 FALSE 5 2 3 5 3 4 4 3 3 3 4 4 4 4 5 5 2 4 3 3 4 2 4 1 2 4 3 3 4 4 4 5 2 4
"279" 19 "female" 18.9387755102041 2.9 FALSE 3.5 3 1 5 4 3 2 2 3 2 5 4 2 2 2 3 3 3 3 3 3 1 5 5 4 5 5 4 5 3 3 4 2 2
"280" 20 "female" 19.7210369679802 2.8 FALSE 3 3 1 5 3 3 2 1 4 4 5 3 1 1 5 4 3 4 2 3 1 2 5 3 4 5 3 3 3 4 5 5 1 5
"281" 17 "female" 23.4375 3.7 TRUE 4 3 3 5 3 4 2 3 3 2 4 4 1 2 4 2 2 3 2 2 3 1 5 4 5 4 4 2 4 5 4 3 1 2
"282" 17 "male" 27.774423378819 2.6 FALSE 3 5 5 5 5 3 2 3 3 3 2 5 2 2 5 1 5 5 1 2 4 1 5 2 1 5 3 3 5 2 2 2 5 2
"283" 22 "female" 22.038567493113 3.4 TRUE 4 3 4 4 3 3 2 3 3 5 3 2 1 1 2 3 1 1 1 5 1 1 5 3 1 5 5 1 2 5 5 3 2 3
"284" 16 "female" 21.4691504822301 2.9 FALSE 5 3 2 5 2 3 2 3 3 4 5 4 2 2 3 2 3 3 2 3 2 2 4 2 2 5 5 3 2 5 5 3 3 3
"285" 24 "female" 17.5063898322888 3.4 TRUE 2.5 2 1 5 2 2 3 3 2 3 2 3 2 2 2 2 4 1 4 4 1 1 5 4 5 5 2 1 5 3 4 4 1 1
"286" 17 "male" 21.3294375456538 3.1 FALSE 4 3 4 5 5 4 3 2 3 3 4 4 2 2 4 4 4 3 2 2 4 2 5 5 4 5 3 4 5 3 3 4 2 3
"287" 17 "male" 20.7612456747405 2.7 FALSE 1 3 1 5 4 3 1 2 3 2 5 3 1 2 3 3 3 2 3 1 4 2 5 5 4 5 3 4 1 3 5 5 1 3
"288" 17 "male" 22.9440888781548 2.1 FALSE 3 4 2 5 3 5 1 2 3 2 3 3 1 1 5 2 2 1 2 1 5 3 5 2 2 5 1 2 5 5 5 5 3 4
"289" 18 "female" 19.53125 2.2 FALSE 4.5 4 2 5 3 2 2 1 5 3 2 5 5 5 1 3 3 5 5 2 1 3 5 1 2 5 5 1 3 5 5 5 1 2
"290" 18 "female" 21.2305720237141 3 FALSE 1.5 1 1 5 1 1 3 2 5 3 2 3 1 2 3 3 2 2 4 2 1 3 4 2 2 4 4 4 5 3 3 5 1 2
"291" 16 "male" 18.210197710718 4.2 TRUE 5 2 5 5 4 1 1 1 1 1 2 2 2 2 5 1 1 1 1 1 5 1 5 5 5 5 1 4 5 1 1 4 5 5
"292" 20 "female" 22.7204383708109 2.7 FALSE 4 3 4 5 3 3 2 2 2 4 3 3 1 2 4 4 3 3 3 4 3 2 3 1 2 5 3 5 2 4 4 3 2 3
"293" 29 "female" 19.8412698412698 2.8 FALSE 3.5 3 5 5 4 3 5 2 2 5 5 4 2 2 1 2 2 5 2 5 1 2 4 2 5 4 3 1 2 5 5 4 1 1
"294" 24 "female" 22.9853975121687 2.5 FALSE 3.5 3 1 5 3 2 4 4 1 2 5 3 1 1 2 1 1 4 3 3 1 1 4 1 2 5 4 1 1 5 2 1 1 1
"295" 18 "female" 22.3081499107674 3 FALSE 3.5 3 1 4 3 4 2 1 1 2 4 4 3 4 2 3 2 2 2 2 3 1 4 1 3 5 3 5 4 2 1 1 1 5
"296" 17 "male" 20.4528853177502 2.9 FALSE 4 1 1 5 4 1 1 1 1 1 3 3 1 1 5 5 1 3 1 2 4 1 5 3 4 5 3 4 3 2 1 3 2 5
"297" 16 "male" 22.6421929718633 2.3 FALSE 3 4 5 5 4 3 5 2 5 5 4 2 1 1 1 2 5 5 3 3 2 5 5 1 1 5 2 3 1 5 5 5 3 4
"298" 17 "female" 22.4913494809689 2.8 FALSE 4.5 3 1 5 4 5 2 1 2 3 5 2 1 1 3 2 3 3 1 2 4 1 5 5 5 5 5 2 1 5 5 3 1 3
"299" 20 "male" 19.4457948468644 3 FALSE 3.5 2 1 2 3 4 2 2 1 1 4 4 3 3 2 3 1 1 3 1 2 1 5 3 3 4 2 5 3 2 5 2 3 5
"300" 16 "female" 22.0580511886839 2.6 FALSE 5 3 3 5 3 3 2 4 5 3 5 5 2 4 1 4 4 4 5 3 1 3 5 4 4 5 5 2 3 5 5 4 2 3
"301" 19 "male" 21.2760001119789 3.2 FALSE 3 4 1 5 5 2 1 3 2 1 2 5 5 1 1 1 1 5 1 2 1 2 5 2 5 5 3 3 5 3 2 5 5 4
"302" 18 "female" 21.7738423573813 3.6 TRUE 2 3 2 5 3 3 1 2 3 2 4 2 1 1 4 2 2 3 5 2 1 3 5 4 4 5 4 2 2 2 2 3 2 2
"303" 20 "female" 22.7614675359747 2.2 FALSE 2.5 3 3 5 3 3 3 2 4 4 4 4 2 3 3 2 2 2 3 2 3 4 5 1 4 4 5 3 4 5 5 3 2 3
"304" 19 "male" 24.6913580246914 3.2 FALSE 5 3 1 5 4 2 1 3 1 2 4 3 1 1 5 2 1 2 1 3 2 1 5 2 4 5 3 3 4 5 5 2 2 4
"305" 18 "male" 21.6216216216216 2.6 FALSE 4 5 1 4 4 3 3 4 4 4 5 5 3 2 4 4 3 4 2 3 2 3 4 3 2 5 2 5 3 4 4 4 4 4
"306" 21 "male" 29.9616116850286 2.1 FALSE 5 5 1 5 4 3 1 1 2 2 2 4 4 3 5 2 2 1 1 4 3 2 4 2 2 5 4 4 4 5 5 4 2 3
"307" 19 "male" 23.5294117647059 2.7 FALSE 3.5 3 2 4 3 5 3 3 2 1 3 5 2 1 3 3 3 4 1 2 2 3 5 2 2 5 3 3 5 3 2 4 3 3
"308" 20 "female" 21.2665406427221 2.7 FALSE 3 1 1 5 3 4 2 4 3 2 5 2 1 2 4 4 2 3 1 3 2 3 5 1 2 5 5 3 3 5 5 5 3 4
"309" 23 "female" 19.1358024691358 4 TRUE 5 2 4 5 3 4 1 2 1 3 5 5 1 1 5 5 3 4 3 3 1 2 5 1 2 5 5 1 2 5 3 3 2 4
"310" 19 "female" 21.0480476121353 2.6 FALSE 4 3 4 5 1 3 5 5 5 2 2 5 4 2 3 4 5 1 1 1 1 1 5 5 4 5 4 3 1 5 5 2 1 2
"311" 19 "female" 17.9282154254366 2.9 FALSE 2.5 4 2 5 3 1 3 2 4 5 3 5 3 5 2 4 1 4 4 4 1 5 5 1 4 2 3 4 3 2 2 4 3 4
"312" 20 "male" 23.6712536295922 2.6 FALSE 5 4 1 2 4 4 2 3 3 2 4 5 4 3 3 3 2 4 3 1 2 1 5 2 4 3 2 1 4 1 1 4 4 5
"313" 24 "male" 22.8571428571429 2.2 FALSE 3.5 4 1 5 3 2 2 3 4 2 1 5 4 5 1 5 4 5 5 1 2 4 5 1 5 2 2 1 5 2 2 5 3 4
"314" 19 "male" 23.5457063711911 2.9 FALSE 3.5 4 1 5 2 2 1 2 2 2 4 4 2 2 3 3 1 1 1 1 3 1 5 5 5 5 2 5 4 3 3 3 4 5
"315" 20 "male" 21.1463199091024 2.9 FALSE 5 3 2 5 3 3 1 3 4 1 5 5 4 4 1 2 5 5 5 1 3 1 5 2 4 5 4 5 5 3 3 5 2 5
"316" 19 "female" 20.5498866213152 2.8 FALSE 3 3 4 5 4 3 3 2 4 3 5 5 3 3 4 3 3 3 2 4 1 2 5 1 4 5 3 1 3 5 5 5 2 5
"317" 19 "female" 19.7055324211779 1.5 FALSE 3.5 1 5 5 3 5 5 5 5 5 5 5 3 3 2 2 5 5 3 5 2 5 5 1 2 5 5 3 2 5 5 3 3 2
"318" 20 "male" 16.0141839915354 2.3 FALSE 1 2 1 4 4 2 2 2 2 2 2 4 2 5 1 4 2 3 4 2 4 2 4 3 3 4 3 5 4 3 5 5 1 4
"319" 20 "male" 23.7812128418549 3.5 TRUE 4.5 3 1 5 4 2 1 1 1 1 5 3 1 1 2 1 1 1 1 1 1 1 5 2 4 5 4 5 3 4 4 1 3 5
"320" 21 "female" 20.0154958677686 3.3 FALSE 4.5 4 3 5 3 5 2 2 1 2 5 3 1 1 3 3 2 2 1 2 3 1 5 3 4 5 5 2 4 5 3 3 2 2
"321" 17 "female" 28.0403781445281 3.4 TRUE 4 3 2 5 3 2 3 3 4 2 3 5 4 3 1 3 4 4 5 3 1 1 5 5 5 5 3 1 3 4 4 4 1 2
"322" 25 "male" 22.1297397278372 2.6 FALSE 4 3 5 5 3 5 4 3 4 5 4 4 2 2 3 3 4 3 2 4 2 4 5 3 4 5 3 4 4 5 5 4 3 5
"323" 20 "female" 20.0692041522491 2.7 FALSE 3 2 4 5 4 4 3 2 2 3 4 4 1 1 4 2 2 4 2 5 5 1 5 4 3 4 3 2 1 5 4 2 1 4
"324" 21 "female" 19.379197433927 2.4 FALSE 2.5 3 2 5 4 2 2 3 4 3 2 5 3 3 1 1 3 3 3 2 1 4 5 1 5 4 3 4 3 5 5 4 2 4
"325" 22 "male" 26.2965668371074 2.4 FALSE 2.5 4 1 5 3 2 2 2 3 4 3 5 3 4 3 3 3 3 5 1 2 3 5 5 5 5 4 2 1 4 4 5 1 5
"326" 19 "female" 20.0692041522491 3.1 FALSE 2.5 3 1 5 4 3 1 1 2 3 3 5 5 3 4 4 4 4 5 2 1 1 2 1 1 3 3 1 1 4 4 2 1 1
"327" 25 "male" 24.3024870597147 2.4 FALSE 4 4 3 5 3 5 4 4 5 4 4 5 3 3 4 5 5 5 4 5 3 3 5 3 3 5 5 5 4 5 5 4 4 5
"328" 19 "female" 19.9593554942662 2.4 FALSE 4 4 2 5 3 3 2 1 2 3 4 5 3 3 5 4 2 3 3 2 4 1 4 3 3 5 3 5 2 2 2 4 2 3
"329" 25 "female" 22.9481157445588 2.7 FALSE 3.5 3 3 5 3 5 2 2 2 4 5 2 1 1 5 5 3 3 2 5 2 1 5 5 5 5 5 1 1 5 5 3 1 5
"330" 25 "female" 21.0076677987465 3 FALSE 3 4 3 5 3 3 4 2 4 4 5 4 1 3 4 5 5 4 3 5 3 3 5 3 5 4 4 2 5 5 3 4 1 5
"331" 21 "female" 21.2585034013605 2.3 FALSE 5 4 2 5 4 3 2 2 3 3 3 2 1 1 2 2 4 3 2 5 1 2 5 3 3 4 4 3 3 4 4 4 2 2
"332" 20 "male" 20.5150864789799 2.3 FALSE 3 4 2 4 3 1 1 2 3 2 2 2 1 2 2 2 3 3 4 3 3 3 5 1 1 4 3 3 2 5 5 5 4 4
"333" 24 "female" 17.9981634527089 3.1 FALSE 3.5 3 3 4 4 3 3 3 3 3 3 3 2 1 3 3 3 3 2 2 1 2 4 2 2 4 4 3 3 4 3 3 2 4
"334" 30 "female" 18.359375 2.9 FALSE 1.5 2 3 5 4 4 3 1 3 2 4 3 1 1 5 3 1 2 2 5 2 1 5 4 5 4 4 2 3 5 5 3 3 3
"335" 21 "male" 24.2122933884298 2 FALSE 3 4 1 5 4 1 1 3 1 1 1 3 5 3 2 1 1 2 2 1 1 1 5 5 4 3 1 5 5 2 1 3 4 5
"336" 27 "male" 22.2569083130998 4 TRUE 4 2 1 5 3 3 1 1 2 1 3 4 2 1 1 2 2 3 2 2 1 1 4 2 4 4 3 1 2 4 3 3 1 4
"337" 21 "male" 22.9853975121687 2.1 FALSE 4.5 4 1 5 4 3 1 3 1 2 3 4 5 3 3 2 2 4 5 1 5 1 5 4 4 3 2 5 5 3 2 3 3 5
"338" 16 "female" 18.5901249256395 3.1 FALSE 1.5 2 1 5 3 3 4 2 5 4 3 3 1 1 2 3 4 3 1 2 2 5 2 2 2 4 4 4 1 3 3 2 2 3
"339" 21 "female" 24.4897959183673 3.4 TRUE 3 4 2 5 3 3 5 2 2 3 4 1 1 1 4 2 1 2 1 4 1 1 5 3 3 5 5 2 2 3 3 2 1 3
"340" 20 "female" 22.038567493113 2.4 FALSE 4.5 4 5 5 4 3 3 2 2 2 2 3 3 3 5 5 3 4 3 4 5 2 5 1 3 5 5 3 2 3 2 5 3 4
"341" 22 "female" 25.390625 2.3 FALSE 3 4 3 5 4 2 4 1 5 5 4 4 3 4 2 4 3 3 4 2 1 5 5 4 5 5 4 4 2 2 3 1 1 3
"342" 19 "male" 24.6913580246914 2.8 FALSE 1 2 1 5 3 4 1 2 3 1 4 2 1 1 3 3 2 2 2 1 4 3 5 2 3 4 2 4 4 4 4 4 2 4
"343" 20 "female" 31.1418685121107 2.8 FALSE 1.5 2 1 5 3 2 1 3 1 3 2 5 4 1 1 1 1 2 2 3 1 2 4 2 1 5 2 1 3 3 3 1 1 1
"344" 23 "male" 25.7959183673469 2.8 FALSE 2.5 2 1 2 3 2 3 3 3 4 3 4 2 2 2 4 2 4 3 3 1 3 4 2 2 5 3 4 2 5 4 5 3 3
"345" 20 "female" 20.4381655849977 2.9 FALSE 4 4 1 5 3 4 5 5 5 2 4 5 1 5 3 2 2 5 5 1 5 3 5 1 1 5 5 5 1 5 5 5 1 2
"346" 21 "female" 21.2585034013605 2.8 FALSE 3 3 3 5 3 4 5 1 4 5 5 4 1 1 3 3 4 4 1 5 4 4 5 1 3 5 5 5 1 5 5 3 1 3
"347" 19 "female" 15.967484395413 3 FALSE 2 3 4 5 3 4 2 3 3 3 3 3 1 3 3 3 5 3 2 2 2 2 5 3 3 5 3 2 4 5 5 4 2 3
"348" 21 "female" 21.5645449137418 3.4 TRUE 2 3 3 5 5 3 4 3 5 5 3 1 1 1 1 1 4 5 3 5 1 5 4 5 4 5 5 2 3 5 3 5 1 2
"349" 16 "female" 18.3654729109275 2.8 FALSE 3 3 5 5 4 5 1 5 1 5 4 4 1 3 4 2 3 4 3 2 4 1 5 2 3 5 5 3 2 2 2 1 5 2
"350" 20 "male" 27.1604938271605 2 FALSE 5 3 1 5 5 4 2 1 3 1 4 5 1 5 4 1 1 5 3 1 1 1 5 5 5 5 1 5 5 5 5 5 5 5
"351" 18 "female" 20.0474456213038 2.8 FALSE 3 3 4 5 3 3 2 2 3 4 5 5 1 1 4 2 4 3 1 5 2 2 5 1 3 4 5 2 3 5 5 2 1 3
"352" 21 "female" 19.1326530612245 3.3 FALSE 1.5 1 1 5 5 3 1 1 1 1 3 5 5 1 1 1 1 1 1 1 5 1 2 1 1 5 3 1 1 1 3 1 1 3
"353" 21 "male" 21.7051294327939 2.6 FALSE 4.5 3 1 5 3 4 3 1 2 2 4 4 4 4 2 2 2 4 2 2 3 2 5 3 3 4 2 3 5 3 3 4 2 5
"354" 18 "male" 20.0796012764889 1.7 FALSE 1 3 1 5 3 4 3 2 5 3 5 3 2 1 3 2 3 4 4 2 2 2 5 4 3 4 4 3 2 4 4 4 1 2
"355" 19 "female" 23.0545624644993 3.5 TRUE 3 2 3 5 3 3 1 1 1 1 5 5 1 2 4 2 1 5 3 3 3 1 5 5 5 5 4 1 3 5 5 4 1 1
"356" 18 "male" 18.5185185185185 3.5 TRUE 3.5 2 1 5 5 1 2 1 2 2 1 2 4 5 1 5 1 4 4 1 1 2 5 5 5 3 1 3 4 1 1 3 2 4
"357" 18 "female" 20.2812330989724 2.6 FALSE 2 3 1 5 1 4 4 2 2 3 5 1 1 1 1 2 1 2 2 4 1 2 5 1 5 5 4 3 1 3 3 3 1 2
"358" 23 "female" 21.2305720237141 2.6 FALSE 2 3 4 5 3 5 2 5 5 5 5 5 1 1 3 3 4 5 5 3 3 5 3 1 2 2 2 2 5 4 1 5 2 4
"359" 20 "female" 19.1000918273646 3.1 FALSE 2 3 1 5 4 1 1 1 3 1 2 5 3 5 1 3 2 1 1 1 1 3 5 1 3 5 1 2 3 5 5 5 1 4
"360" 18 "female" 19.4869614512472 3.1 FALSE 3.5 2 5 5 2 2 3 2 5 5 5 4 1 1 2 2 5 3 2 3 2 3 5 1 2 5 5 5 5 5 5 5 2 5
"361" 24 "female" 25.2173585757838 3.2 FALSE 2 3 2 5 2 3 2 1 3 3 5 4 3 3 1 3 3 3 3 3 2 3 4 4 5 4 1 1 1 4 5 4 1 1
"362" 21 "female" 21.9898923652637 4.2 TRUE 3 4 5 5 3 3 1 1 2 3 4 5 3 5 3 4 3 4 5 1 2 3 5 4 5 5 5 5 5 5 5 5 1 5
"363" 22 "female" 25.390625 3 FALSE 2.5 3 1 5 2 1 1 1 1 1 2 5 4 1 1 3 4 4 4 2 1 1 4 1 4 4 2 3 3 4 4 4 1 1
"364" 19 "male" 23.7654320987654 2.7 FALSE 1 3 1 5 3 3 3 1 5 1 2 3 1 2 2 3 5 3 5 3 2 4 5 2 4 4 3 4 2 5 5 5 1 3
"365" 18 "female" 20.8209399167162 2.9 FALSE 4 3 4 5 3 5 3 2 4 5 5 3 2 4 3 2 2 2 1 2 3 3 5 1 3 4 5 3 1 5 5 3 1 3
"366" 19 "female" 18.3391003460208 2.8 FALSE 3 3 4 5 5 3 3 3 4 2 4 4 2 2 2 4 3 3 3 4 3 2 5 1 3 5 4 4 3 4 5 5 2 3
"367" 19 "male" 22.7903579254931 2.9 FALSE 2.5 3 1 4 3 4 1 3 2 3 2 2 1 1 3 3 3 2 2 4 5 4 5 4 4 5 3 3 2 4 5 4 3 5
"368" 20 "male" 23.6294896030246 3.5 TRUE 3.5 3 1 5 3 2 2 2 3 1 1 5 4 3 3 3 3 4 5 3 1 1 4 5 4 4 2 3 3 2 3 4 4 2
"369" 19 "female" 19.3771626297578 3.5 TRUE 1.5 2 1 5 3 4 4 4 2 4 5 4 3 4 2 2 2 3 5 3 2 2 5 3 5 4 3 3 2 2 2 5 1 2
"370" 18 "male" 24.515595463138 2.8 FALSE 4.5 3 5 5 4 4 1 2 2 3 5 3 1 1 4 3 3 2 1 5 4 1 5 1 3 4 1 4 3 2 3 5 4 5
"371" 18 "female" 20.0474456213038 2.9 FALSE 2.5 3 2 5 3 1 1 1 1 2 3 5 5 3 2 1 1 5 3 1 1 1 4 2 2 4 3 2 2 3 4 2 1 2
"372" 19 "male" 20.0154958677686 3.7 TRUE 3 2 5 4 3 2 2 2 2 1 4 4 2 2 2 3 2 3 2 4 3 2 4 3 3 5 4 4 3 4 4 2 2 4
"373" 18 "female" 20.7008167413151 3.6 TRUE 3 3 2 5 3 2 1 1 1 2 3 3 1 2 3 1 1 3 1 1 4 1 5 3 3 4 4 2 3 1 1 3 1 3
"374" 18 "female" 22.8395061728395 3.2 FALSE 1.5 3 1 5 3 1 1 1 2 3 4 5 4 4 4 3 1 2 1 2 1 2 5 1 2 4 5 2 2 5 5 4 1 2
"375" 19 "male" 22.8571428571429 2 FALSE 5 3 1 5 5 5 2 2 1 1 4 2 1 1 4 2 2 3 3 2 4 1 5 3 5 5 3 3 4 2 2 3 2 5
"376" 19 "female" 21.5645449137418 3.3 FALSE 3 3 4 5 3 4 1 2 4 3 4 4 1 1 3 3 3 4 3 3 4 1 5 3 3 5 4 2 3 3 2 3 2 2
"377" 18 "female" 21.8299521999323 2.8 FALSE 3.5 3 2 5 3 4 2 4 3 3 5 4 1 4 3 4 4 4 2 2 2 1 5 5 4 5 4 3 3 5 5 4 3 3
"378" 18 "female" 20.5761316872428 2.7 FALSE 2.5 3 2 4 3 2 2 2 4 3 3 3 1 2 3 3 3 3 2 3 3 3 4 3 4 4 2 5 4 3 3 2 1 4
"379" 19 "female" 18.6851211072664 2.7 FALSE 3.5 5 3 5 4 3 2 4 2 2 2 3 4 4 2 5 4 5 5 2 4 2 5 3 3 4 2 3 3 2 3 3 2 2
"380" 20 "female" 17.4449267718772 2.8 FALSE 4.5 3 5 5 3 4 2 2 2 3 5 3 1 1 4 2 3 2 2 5 1 1 5 1 2 5 5 3 1 5 5 3 1 3
"381" 19 "male" 20.4528853177502 3.3 FALSE 4 3 1 4 3 4 1 2 2 1 3 3 1 1 4 2 1 2 1 1 4 1 5 4 3 5 1 3 3 1 2 3 1 4
"382" 26 "female" 20.7008167413151 3.3 FALSE 1 4 1 3 2 1 3 3 3 4 1 1 1 1 1 1 1 1 1 1 1 2 4 2 2 4 4 1 1 3 3 5 1 1
"383" 19 "female" 17.3611111111111 2.8 FALSE 2 3 1 5 3 4 2 2 2 2 4 4 1 1 4 1 2 4 3 2 3 2 5 3 4 5 4 3 3 4 4 3 2 2
"384" 19 "female" 23.458562375267 3.4 TRUE 1.5 2 3 5 3 3 3 1 2 5 3 4 2 2 2 3 3 5 2 5 1 1 5 5 5 5 4 2 1 5 5 4 1 2
"385" 22 "male" 25.8805706350208 2 FALSE 4.5 3 2 5 4 4 3 1 5 3 5 3 1 1 2 2 1 1 1 3 1 4 5 4 5 5 3 5 3 5 5 5 1 5
"386" 20 "male" 23.8751147842057 2.1 FALSE 5 5 4 5 3 3 2 2 3 1 4 4 1 1 3 2 3 2 2 3 3 1 4 2 4 4 4 2 4 3 3 5 3 4
"387" 28 "female" 19.4444444444444 2.5 FALSE 5 5 5 5 3 4 1 1 1 1 5 3 3 3 3 3 2 4 3 1 3 1 5 3 5 5 5 1 1 5 2 3 1 1
"388" 21 "female" 19.723865877712 2.2 FALSE 2.5 3 2 4 4 2 1 1 2 3 4 5 3 4 3 5 4 4 4 2 1 1 5 5 5 5 4 2 2 5 5 4 1 3
"389" 19 "female" 18.9387755102041 3.2 FALSE 4 4 4 5 3 4 2 1 2 3 5 5 2 5 3 3 2 3 2 2 4 2 5 1 3 5 5 1 1 5 4 3 1 5
"390" 22 "male" 22.6346763241286 1.9 FALSE 5 3 1 5 5 3 1 1 1 1 3 2 1 4 5 5 1 2 3 1 1 1 5 3 3 5 1 2 2 1 1 4 2 5
"391" 19 "male" 18.9249412411099 2.6 FALSE 4 3 2 5 4 4 2 1 2 1 4 5 2 3 2 2 2 3 3 2 4 1 5 2 4 5 3 5 5 2 3 4 2 5
"392" 19 "female" 22.4996371026274 2.7 FALSE 2.5 2 2 4 2 2 2 3 3 3 2 3 2 3 1 4 3 3 5 2 3 3 5 1 2 5 4 1 2 5 5 4 2 1
"393" 22 "male" 21.8358948517679 2.1 FALSE 5 3 1 5 4 3 1 1 1 1 2 4 2 4 5 5 1 1 3 1 1 1 5 5 5 5 2 2 3 3 3 5 3 5
"394" 29 "male" 26.8749475098681 2.9 FALSE 3 3 3 5 3 2 4 3 3 3 3 3 1 1 1 3 3 3 3 4 2 4 4 2 3 5 3 2 3 3 3 4 3 3
"395" 18 "female" 22.3081499107674 4.5 TRUE 2 3 1 5 3 3 1 1 3 3 5 3 1 1 3 3 1 1 5 5 1 1 5 1 1 4 5 1 1 4 5 2 1 2
"396" 22 "female" 16.901027582477 3.3 FALSE 2.5 3 1 5 4 4 3 3 3 2 3 4 1 4 2 3 2 4 2 5 3 2 3 1 4 4 5 1 3 3 3 2 2 1
"397" 17 "female" 18.6620146861942 2.4 FALSE 2 4 2 5 3 3 2 2 3 4 3 1 1 2 2 4 4 2 3 5 2 2 5 2 3 5 3 3 4 3 3 4 4 4
"398" 20 "female" 17.7462289263531 3.2 FALSE 2 2 1 4 2 4 3 2 3 2 3 2 2 1 4 2 1 2 2 2 2 1 5 2 2 5 4 2 1 3 3 2 1 4
"399" 18 "female" 20.0474456213038 3 FALSE 3 3 1 5 3 3 2 4 4 2 4 5 2 2 5 4 4 5 2 2 2 2 3 4 3 4 3 3 3 3 3 3 4 4
"400" 22 "male" 21.827744904668 2.4 FALSE 3 5 3 5 5 5 1 1 1 1 4 3 1 3 4 4 2 5 4 1 4 1 5 5 5 5 3 4 3 5 5 3 3 5
"401" 19 "female" 20.7967298935064 3.3 FALSE 2.5 3 1 4 3 4 3 1 2 3 5 2 1 1 3 3 2 3 1 3 1 3 4 5 5 5 5 2 1 3 3 2 1 3
"402" 20 "male" 23.355636914531 1.9 FALSE 3.5 4 1 5 3 4 2 2 2 2 3 5 4 5 2 5 3 4 5 2 2 1 5 2 4 5 3 5 4 4 5 4 3 5
"403" 25 "male" 22.5459590704128 3.6 TRUE 3.5 2 1 3 3 2 2 4 3 2 4 3 1 2 1 1 1 2 1 1 1 2 3 5 4 5 2 2 2 1 1 4 2 1
"404" 19 "male" 24.6913580246914 1.4 FALSE 3.5 3 1 5 3 5 1 1 3 1 5 3 1 1 5 2 1 1 3 1 5 1 5 3 3 5 3 3 1 2 2 5 1 4
"405" 18 "female" 20.2812330989724 3.3 FALSE 3 2 2 5 3 3 2 5 4 5 3 5 4 4 3 4 3 5 3 4 1 2 4 4 3 5 5 2 3 5 5 3 1 2
"406" 20 "female" 19.5918367346939 3 FALSE 2.5 3 2 5 3 2 1 1 4 3 4 5 4 3 3 3 5 5 5 5 1 2 5 1 2 5 4 1 1 3 3 4 1 3
"407" 18 "female" 18.5567732222261 3 FALSE 2.5 2 2 5 3 2 1 1 2 4 2 5 3 3 1 2 3 5 5 2 1 1 5 4 4 4 3 4 2 3 3 3 3 4
"408" 30 "male" 24.6913580246914 2.7 FALSE 1.5 4 4 5 4 5 2 3 2 3 4 4 2 2 2 2 2 4 4 2 3 2 5 4 4 3 1 4 4 1 2 2 2 5
"409" 21 "female" 21.2183171945527 2.5 FALSE 4 3 4 5 4 5 3 5 3 4 5 4 2 3 4 3 4 5 4 5 4 4 5 2 4 5 5 5 2 5 5 5 3 4
"410" 22 "male" 18.005540166205 2.1 FALSE 1.5 3 1 5 4 4 4 1 5 1 1 2 4 1 1 1 4 4 4 1 5 4 5 1 4 3 2 4 4 3 2 5 5 2
"411" 22 "male" 22.9556843313457 2.6 FALSE 3 2 1 3 4 2 1 3 1 1 3 4 2 4 4 4 3 1 1 1 1 1 5 1 4 5 4 4 2 2 3 3 1 4
"412" 20 "female" 24.3910588392529 3.7 TRUE 3 2 2 5 4 3 2 1 5 3 4 5 3 5 3 2 4 3 1 5 1 1 5 1 3 5 5 2 1 5 5 3 1 2
"413" 19 "female" 23.5078053259871 3.3 FALSE 2 3 1 5 3 4 2 1 2 1 4 5 1 1 1 3 5 4 4 4 1 1 5 2 4 5 3 3 3 1 5 3 1 4
"414" 28 "female" 19.4931773879142 3.4 TRUE 3.5 4 4 3 3 4 2 2 2 1 4 2 1 1 3 2 3 3 3 3 2 1 5 2 5 5 4 3 3 4 2 4 2 1
"415" 22 "male" 23.9394809920521 2.3 FALSE 4 3 1 5 3 2 4 3 5 4 3 5 3 2 3 3 5 5 4 3 1 4 5 4 4 4 2 4 4 3 3 4 4 4
"416" 20 "female" 19.140625 2.1 FALSE 5 2 3 5 5 2 2 2 1 1 2 5 1 5 3 5 2 5 5 1 1 1 5 3 5 5 2 1 5 5 5 4 1 1
"417" 16 "female" 17.7154195011338 2.5 FALSE 5 3 4 4 3 3 2 2 2 3 3 2 1 1 5 1 1 2 1 5 4 2 1 2 2 5 5 1 1 5 4 1 1 1
"418" 19 "female" 20.5693296602388 2.3 FALSE 3 4 5 5 3 3 2 2 2 2 4 4 2 3 3 2 2 3 1 5 1 2 5 4 4 5 4 4 2 4 4 4 1 4
"419" 20 "female" 25.5937370619895 3.7 TRUE 1.5 1 5 5 5 3 3 1 4 4 2 5 2 2 1 2 3 4 5 3 2 2 5 1 2 3 5 2 5 5 5 5 2 4
"420" 21 "male" 22.7903579254931 2.3 FALSE 4 2 2 5 3 4 1 2 2 1 5 3 1 1 5 2 2 3 3 4 2 1 5 3 5 4 2 3 4 2 3 3 2 5
"421" 19 "female" 20.2020202020202 3.1 FALSE 3 4 1 5 3 2 2 1 2 4 2 5 2 2 1 4 5 4 5 2 1 2 5 2 3 5 5 3 3 3 4 3 1 1
"422" 25 "female" 17.9930795847751 2.9 FALSE 1 3 2 3 2 3 2 4 5 4 3 3 1 1 2 2 2 4 3 4 2 4 4 3 4 4 4 2 2 5 4 4 2 2
"423" 20 "female" 22.038567493113 3.2 FALSE 4 3 3 5 4 3 3 3 4 4 5 5 2 3 1 3 5 5 1 4 1 5 3 1 1 5 3 3 3 1 1 5 2 2
"424" 19 "female" 17.3010380622837 3.4 TRUE 3 1 4 5 3 3 2 1 3 2 2 4 1 1 1 3 2 3 5 3 1 1 5 1 1 4 3 2 4 5 5 4 2 3
"425" 19 "female" 19.6051919956733 3.1 FALSE 3 4 4 5 3 3 5 2 4 2 2 4 2 1 1 2 2 4 5 4 4 4 5 3 3 5 5 5 5 5 5 4 1 3
"426" 21 "female" 18.7260073031428 3.8 TRUE 4 4 3 5 3 4 5 3 4 2 4 4 2 2 2 2 4 4 2 5 2 2 4 4 5 3 5 1 5 2 2 4 1 1
"427" 22 "male" 23.0878681306881 2 FALSE 2.5 3 1 5 4 4 3 2 4 2 2 5 3 4 3 3 4 5 3 1 3 3 5 3 5 4 2 5 5 5 5 3 5 5
"428" 28 "female" 19.3698347107438 3.4 TRUE 1 4 1 5 3 2 2 1 5 5 4 4 1 1 1 1 1 2 1 4 5 4 5 2 1 5 5 5 3 5 5 5 4 2
"429" 21 "female" 17.7154195011338 1.9 FALSE 4 5 5 5 3 5 1 1 2 2 5 1 1 1 5 2 1 2 2 2 1 1 5 5 4 5 3 4 5 4 2 3 1 2
"430" 20 "male" 23.9394809920521 2.1 FALSE 4.5 2 2 5 4 3 4 2 2 2 3 5 3 4 3 3 2 4 4 2 1 1 5 2 4 5 3 4 3 3 4 4 5 5
"431" 19 "male" 23.2356317012402 2.1 FALSE 5 4 1 5 4 2 1 1 1 1 2 2 3 3 5 1 1 1 2 1 2 1 5 1 5 5 2 3 3 2 2 3 2 4
"432" 21 "female" 18.7783446712018 2.1 FALSE 3.5 4 5 5 4 3 4 3 3 4 2 2 1 1 2 5 4 4 4 4 1 2 4 2 3 3 2 4 1 5 1 5 3 2
"433" 22 "male" 22.5981404958678 2.1 FALSE 5 3 5 5 3 5 3 3 4 4 4 4 3 2 4 4 4 3 3 3 2 4 4 2 3 4 4 4 4 4 3 4 4 4
"434" 19 "male" 21.9138056975895 2.5 FALSE 3 3 1 5 3 3 1 2 3 2 3 3 1 1 4 4 4 3 3 2 1 1 5 3 3 5 4 4 2 4 4 3 3 4
"435" 20 "male" 23.355636914531 2.4 FALSE 5 3 2 5 4 3 1 1 2 3 3 4 5 5 3 2 1 3 3 3 3 1 4 3 5 5 3 3 3 4 4 3 2 4
"436" 22 "male" 20.8307031940412 2.8 FALSE 1.5 2 1 5 3 1 5 5 2 2 3 5 1 1 1 2 1 5 3 2 1 2 5 3 4 5 3 3 5 5 5 5 4 4
"437" 19 "male" 19.7317624181418 3.3 FALSE 3 3 1 5 4 4 3 3 3 4 4 5 5 3 1 2 3 3 4 2 1 2 5 5 4 5 1 4 4 1 4 3 5 5
"438" 22 "male" 26.7299274950717 2.6 FALSE 5 3 5 5 5 5 3 1 2 3 5 4 4 3 5 3 2 3 3 2 4 3 5 5 5 5 1 5 5 5 5 3 3 5
"439" 17 "female" 18.1662042541947 2 FALSE 3 5 5 5 3 3 1 1 4 4 4 4 3 3 4 3 1 1 3 4 4 4 5 4 5 3 2 1 1 4 5 4 2 3
"440" 18 "female" 21.2031052289593 2.3 FALSE 4 3 4 5 4 4 2 2 3 2 5 4 1 2 4 3 3 2 2 5 4 4 4 1 2 5 3 3 2 5 5 5 1 4
"441" 19 "male" 21.6216216216216 3 FALSE 4 3 1 5 4 4 3 1 2 1 1 2 2 1 4 4 2 2 2 2 4 1 4 3 3 4 2 3 5 2 2 4 2 4
"442" 23 "female" 20.4782666138195 2.7 FALSE 4 3 4 5 3 3 1 2 2 2 4 2 1 1 4 4 2 2 2 4 2 1 5 2 3 5 5 3 2 3 3 4 2 3
"443" 20 "female" 23.1246703720232 3.5 TRUE 2 3 3 5 3 5 5 1 5 4 5 3 2 2 3 3 4 4 2 5 3 3 5 3 5 5 4 1 1 5 5 4 1 1
"444" 18 "female" 20.9366391184573 2.5 FALSE 3.5 3 3 5 3 4 2 2 3 3 4 3 1 2 3 3 3 3 3 4 4 3 5 1 2 5 4 3 3 4 4 3 2 4
"445" 21 "male" 21.4995968825584 2 FALSE 5 3 2 5 4 3 1 1 2 2 4 4 4 4 5 5 3 4 3 3 1 1 5 5 4 5 3 4 4 5 5 3 2 5
"446" 20 "male" 24.8356464572681 3.3 FALSE 5 5 1 5 4 3 1 1 5 3 5 5 1 2 5 1 3 5 1 1 3 2 5 2 5 5 2 5 3 4 4 5 1 5
"447" 20 "male" 20.9876543209877 3 FALSE 3 2 1 5 2 1 2 2 2 1 3 5 3 2 1 1 2 3 4 3 1 2 4 1 2 3 2 2 3 4 4 4 2 2
"448" 28 "female" 16.901027582477 2.9 FALSE 1 1 5 5 3 3 5 2 3 3 5 2 1 1 1 1 1 1 4 3 1 1 4 1 1 5 3 3 1 3 1 5 1 5
"449" 22 "male" 19.0364211528233 2.6 FALSE 4 2 2 5 4 2 5 4 5 2 2 5 4 3 1 2 3 5 5 2 1 1 5 2 1 4 4 3 4 5 5 5 2 3
"450" 19 "female" 22.4913494809689 2.9 FALSE 4 4 5 5 3 4 2 1 3 3 4 4 2 1 2 4 5 3 3 4 4 2 5 4 3 5 4 2 2 5 5 5 1 3
"451" 21 "male" 24.2202268431002 2.7 FALSE 5 4 2 5 3 3 1 2 2 2 3 5 2 3 2 2 3 5 5 3 3 2 5 3 3 4 3 3 3 3 3 3 1 3
"452" 17 "male" 19.5918367346939 1.6 FALSE 4 1 3 5 1 3 3 4 4 4 5 5 3 4 4 3 4 5 1 4 4 1 5 4 4 5 5 5 5 5 5 3 2 5
"453" 19 "female" 20.1955782312925 2.4 FALSE 5 3 1 5 5 2 1 1 1 2 4 2 2 1 5 3 1 1 1 3 5 1 5 5 5 5 3 1 3 3 3 2 1 5
"454" 25 "male" 22.7146814404432 2.6 FALSE 4.5 3 1 5 3 3 2 1 4 3 3 4 1 3 3 3 1 3 5 1 2 3 5 2 4 3 4 1 4 2 4 4 2 3
"455" 20 "female" 17.9930795847751 2.7 FALSE 2 3 1 5 3 3 2 1 3 3 4 4 4 4 4 2 1 3 3 3 3 2 5 3 4 5 4 4 3 5 5 2 1 4
"456" 26 "male" 22.5847592730365 3 FALSE 3.5 3 1 5 3 3 2 2 5 1 4 5 4 1 1 1 1 3 4 1 1 4 5 2 5 2 1 5 5 2 1 5 4 3
"457" 21 "male" 23.5478806907378 3.1 FALSE 4 4 1 5 3 3 5 1 5 5 5 5 1 2 4 4 2 5 3 3 3 5 5 3 5 4 4 5 5 5 5 5 1 5
"458" 20 "female" 17.3061224489796 2.6 FALSE 1.5 4 2 5 4 3 2 2 2 3 3 2 2 2 4 3 2 2 2 3 1 1 5 3 3 5 5 3 2 5 5 3 2 4
"459" 21 "male" 24.4897959183673 2.7 FALSE 2 4 1 5 4 2 3 1 4 5 2 5 4 3 2 2 2 4 5 3 1 3 5 1 4 1 2 4 4 4 4 4 1 3
"460" 20 "male" 22.5981404958678 3.2 FALSE 3 3 2 5 3 3 3 3 3 1 3 3 3 3 3 3 3 3 3 1 3 1 5 5 5 5 3 5 5 5 5 4 5 5
"461" 27 "male" 24.3024870597147 2.5 FALSE 5 4 3 5 3 3 2 2 5 5 4 5 3 3 2 5 5 5 4 5 1 5 5 5 5 5 3 5 5 3 5 3 2 4
"462" 21 "male" 19.4132349729428 2.3 FALSE 5 2 1 5 4 1 4 2 5 3 1 4 5 2 2 2 1 4 3 1 1 5 5 3 5 5 2 2 4 4 4 5 3 4
"463" 17 "female" 18.4425458240807 3.3 FALSE 3 4 5 5 3 2 5 4 3 3 3 5 2 2 1 3 3 5 4 2 1 2 5 1 3 4 3 5 3 5 5 4 2 4
"464" 18 "female" 18.3391003460208 3.5 TRUE 3.5 2 5 3 3 4 4 2 2 2 3 2 1 1 3 1 1 1 3 2 3 2 4 2 2 5 5 3 2 4 3 2 3 4
"465" 19 "male" 20.5150864789799 2.4 FALSE 4.5 4 4 4 3 3 4 2 3 4 3 3 2 2 3 1 2 3 2 3 3 1 4 1 2 4 4 2 3 3 2 4 2 4
"466" 21 "female" 22.5895514360501 3.3 FALSE 2.5 3 2 5 5 5 3 1 1 2 5 1 1 2 4 5 3 1 2 4 2 1 4 2 4 5 5 1 2 4 2 4 2 5
"467" 20 "female" 19.0311418685121 2.8 FALSE 2 3 3 5 3 2 3 3 2 3 4 4 2 2 2 4 4 4 3 3 1 2 5 3 4 5 5 5 2 3 3 4 3 5
"468" 20 "female" 18.3768251528618 3.7 TRUE 2.5 2 2 5 3 5 2 2 1 2 2 4 2 1 5 3 1 2 1 1 1 1 5 4 5 5 5 2 1 3 3 1 1 2
"469" 20 "male" 25.1278305332359 2.3 FALSE 5 4 2 5 3 4 3 3 4 2 4 4 1 3 5 3 4 4 2 4 4 3 4 3 4 5 2 5 5 4 4 4 3 4
"470" 20 "male" 23.5457063711911 1.6 FALSE 5 5 2 5 4 4 1 3 3 1 4 5 2 3 5 3 1 3 3 1 2 1 5 4 4 5 3 3 5 4 3 3 3 5
"471" 20 "male" 23.1481481481481 1.9 FALSE 4 3 1 5 5 5 1 1 1 1 1 5 1 5 3 3 1 2 1 1 2 1 5 1 5 5 3 5 5 5 5 5 1 5
"472" 16 "female" 17.9981634527089 4.3 TRUE 5 2 5 5 3 5 2 2 2 3 4 2 1 2 2 2 2 2 2 2 3 3 5 3 5 5 5 5 3 5 5 3 2 5
"473" 19 "female" 24.8163265306122 3.2 FALSE 3 3 5 5 3 3 2 2 2 3 2 2 1 1 4 3 1 2 1 3 2 1 5 1 2 5 5 2 4 3 3 2 3 5
"474" 23 "female" 21.6333153055706 2.8 FALSE 3.5 3 4 5 4 5 2 1 2 1 5 3 1 1 3 1 1 1 3 3 3 1 5 2 3 5 5 1 1 2 4 5 1 3
"475" 20 "female" 17.6308539944904 2.4 FALSE 5 3 4 5 3 4 4 2 3 2 3 3 2 2 2 3 1 2 3 3 2 1 5 2 2 5 5 4 3 4 4 4 2 3
"476" 23 "male" 24.6353685507125 2.5 FALSE 5 5 1 5 3 3 1 1 2 1 3 3 1 2 2 1 1 3 2 2 1 1 5 4 2 5 3 1 5 3 3 3 1 5
"477" 22 "female" 19.1511918197052 2.1 FALSE 5 4 3 5 3 3 1 1 4 3 3 3 3 1 2 2 1 2 1 1 1 2 4 1 3 5 4 1 1 3 2 3 1 3
"478" 17 "male" 22.3954134193317 2.4 FALSE 5 3 1 4 3 3 1 1 1 1 2 4 3 3 3 1 1 3 4 1 4 1 5 1 3 5 3 3 4 3 3 5 1 4
"479" 20 "female" 18.3057694735513 2.6 FALSE 5 2 3 5 5 5 3 1 1 3 3 3 1 1 3 2 1 1 2 2 5 1 5 1 3 5 5 1 1 5 5 3 1 3
"480" 21 "female" 22.7583067819754 2.7 FALSE 4 4 4 5 4 3 4 3 4 4 2 4 2 3 2 2 3 3 4 5 2 2 4 2 2 5 3 3 3 5 4 4 3 2
"481" 21 "male" 24.6181037747759 2.4 FALSE 5 1 2 5 3 3 2 4 3 5 3 3 1 2 5 5 2 2 2 2 3 2 5 3 5 5 5 5 5 4 5 5 5 5
"482" 19 "female" 16.796875 2.9 FALSE 3 3 4 5 4 4 2 1 2 5 3 3 1 1 1 1 1 1 1 2 2 1 5 4 4 4 5 4 2 2 3 2 1 2
"483" 20 "female" 24.4897959183673 2.5 FALSE 3 3 3 5 3 3 2 3 2 4 5 2 1 1 4 3 2 4 3 4 1 2 5 3 3 5 5 5 2 5 5 2 2 5
"484" 19 "male" 24.9835634451019 3.2 FALSE 5 2 1 5 3 4 3 2 5 2 5 5 4 3 3 2 5 5 3 2 5 1 5 3 5 5 3 5 2 4 5 4 1 5
"485" 21 "male" 22.2290619335864 2.1 FALSE 3 5 1 5 3 1 1 1 1 1 1 1 1 1 5 3 2 2 2 1 3 1 5 2 3 5 1 5 3 5 5 4 1 4
"486" 22 "female" 20.4491374182035 2.8 FALSE 4.5 3 2 5 4 2 2 1 1 4 3 4 3 4 4 5 3 2 5 2 5 1 4 2 4 5 2 1 1 4 4 3 1 4
"487" 22 "male" 23.6614386154678 2.5 FALSE 3.5 2 2 3 3 4 3 1 3 3 2 3 2 1 4 4 4 3 3 3 4 2 5 4 3 3 2 4 4 3 2 4 2 4
"488" 22 "male" 22.1606648199446 2.8 FALSE 3.5 3 3 5 4 2 1 1 3 4 5 4 1 1 5 3 4 4 2 3 1 1 5 4 5 5 3 5 2 2 2 3 1 5
"489" 28 "female" 20.5150864789799 3.6 TRUE 2 4 1 5 3 4 3 3 2 2 5 3 1 1 2 3 3 3 1 4 4 2 4 1 4 5 5 3 3 5 5 4 1 4
"490" 21 "male" 23.3747260774288 3 FALSE 3.5 5 1 5 3 3 3 3 3 2 3 4 3 1 3 2 4 4 3 4 4 2 4 1 4 5 5 4 5 4 4 3 1 5
"491" 17 "female" 23.8751147842057 3.4 TRUE 3.5 2 1 5 3 2 1 1 1 1 2 4 4 5 3 4 1 3 2 1 2 1 4 5 3 3 3 4 5 2 2 2 3 4
"492" 21 "female" 17.9930795847751 2.9 FALSE 3.5 3 5 5 3 4 1 1 2 5 2 1 1 1 4 1 1 2 1 5 1 2 5 3 3 5 5 2 2 5 5 3 1 3
"493" 17 "female" 22.0521901834341 2.8 FALSE 4 3 3 5 4 1 1 1 3 4 1 5 5 5 1 2 1 5 3 2 2 2 5 3 4 5 4 3 5 5 4 5 1 3
"494" 28 "male" 26.5668397536529 2.9 FALSE 3 2 5 5 3 3 2 3 3 4 3 5 4 3 1 4 4 5 3 4 1 2 5 4 4 4 2 5 4 4 2 3 2 4
"495" 20 "female" 21.484375 2 FALSE 4 3 5 4 3 3 3 2 1 5 4 1 1 1 4 2 4 2 2 5 1 2 3 1 1 5 2 4 2 3 4 5 2 4
"496" 19 "female" 22.4913494809689 3.2 FALSE 1 3 5 5 3 3 3 1 3 3 4 1 1 1 4 2 2 2 2 5 4 1 4 1 4 5 5 3 3 5 1 3 1 1
"497" 21 "female" 17.5770686857761 2.6 FALSE 3.5 3 3 5 3 2 3 1 4 3 2 5 3 2 2 4 3 3 4 4 1 2 4 4 4 5 3 1 3 4 3 4 1 2
"498" 23 "male" 24.355421180818 2.9 FALSE 2 4 1 5 3 2 3 1 5 1 3 4 1 4 2 2 4 1 5 1 1 3 4 2 3 2 3 3 3 3 3 4 1 2
"499" 17 "male" 23.7386621315193 3.5 TRUE 3 1 1 5 5 1 1 1 1 3 1 4 4 5 1 4 1 2 1 1 1 1 5 5 3 5 1 4 5 3 4 2 1 3
"500" 20 "male" 18.7260073031428 3.2 FALSE 2.5 2 1 5 3 4 1 1 2 1 4 3 1 1 4 4 2 2 2 2 5 1 3 4 4 4 4 4 3 4 4 4 2 4
"501" 19 "male" 21.4619366241636 2.8 FALSE 5 3 2 5 4 4 2 2 2 2 5 5 2 3 4 2 2 4 3 3 3 2 5 4 4 5 3 3 3 4 5 2 2 5
"502" 19 "male" 27.681660899654 2.7 FALSE 4 3 3 4 3 4 2 3 2 1 3 4 2 4 4 3 3 3 2 5 3 2 5 3 4 5 4 3 1 5 4 2 3 4
"503" 19 "male" 24.8109640831758 2.5 FALSE 4.5 2 3 5 4 5 3 4 2 2 5 4 3 3 4 4 2 4 4 2 3 1 5 4 5 5 3 4 5 5 5 5 3 5
"504" 18 "female" 18.4672206832872 3.1 FALSE 4 3 3 5 3 2 1 1 5 3 4 4 4 3 5 5 2 2 4 1 4 1 5 1 1 4 4 1 4 5 5 4 2 2
"505" 19 "female" 20.4491374182035 2.6 FALSE 2 3 5 5 3 1 4 3 4 3 2 4 1 2 1 1 4 5 5 4 1 2 5 1 2 3 4 1 2 5 4 3 1 2
"506" 22 "male" 21.4346093466973 1.6 FALSE 5 1 3 4 4 4 2 3 2 2 5 4 4 2 3 1 4 4 3 3 3 1 5 5 4 5 3 5 4 3 4 3 2 4
"507" 21 "female" 18.3391003460208 3.2 FALSE 5 4 4 5 3 3 2 2 1 3 4 4 1 5 4 4 2 2 5 2 1 1 5 5 5 5 5 4 1 5 5 4 2 4
"508" 21 "male" 18.9919649379109 2.2 FALSE 5 3 1 5 3 1 5 5 2 3 3 5 3 4 1 3 3 4 1 1 1 2 5 1 4 5 3 3 1 5 5 5 5 5
"509" 19 "female" 19.4869614512472 3.2 FALSE 2 3 2 3 3 3 1 3 3 3 4 3 3 3 1 3 3 4 1 4 1 2 4 1 5 5 3 1 2 3 4 4 1 5
"510" 18 "male" 20.6541421457673 2.3 FALSE 4 5 1 4 3 3 2 2 5 2 3 3 2 2 5 2 3 2 3 2 4 3 3 1 2 5 4 3 5 4 4 5 5 5
"511" 20 "male" 24.7842575173938 3.1 FALSE 2.5 2 1 5 4 3 2 2 3 2 4 5 4 2 2 2 4 5 4 2 3 2 4 3 3 5 4 5 3 3 4 4 3 4
"512" 18 "female" 20.1955782312925 3.3 FALSE 2.5 3 3 5 3 3 2 1 1 1 5 3 1 1 3 2 1 2 1 1 3 1 5 4 4 5 4 4 3 4 4 2 1 3
"513" 23 "male" 37.1822606814494 2.2 FALSE 2 3 1 5 3 5 1 1 3 2 3 4 3 3 4 4 3 2 3 5 5 3 3 4 4 4 4 3 5 5 5 5 5 5
"514" 18 "female" 22.1002895900015 3.1 FALSE 4 4 2 5 2 3 2 2 2 1 3 4 3 1 5 2 4 3 4 4 3 1 5 4 2 4 3 2 3 4 5 2 1 3
"515" 22 "female" 23.7953599048186 1.8 FALSE 3.5 4 3 5 3 4 1 1 3 2 4 4 1 1 1 4 5 3 1 2 5 1 5 1 3 5 5 4 1 5 5 4 1 4
"516" 20 "male" 22.8571428571429 2.8 FALSE 3.5 3 1 5 3 3 3 1 5 4 4 5 2 3 2 2 5 3 5 3 3 2 5 2 3 3 3 5 2 4 3 4 2 4
"517" 19 "male" 22.4087867693473 1.9 FALSE 4.5 1 1 3 3 4 1 5 4 1 3 5 3 2 1 4 3 5 1 4 4 1 5 5 5 5 1 4 5 4 4 5 2 5
"518" 19 "female" 21.484375 3.5 TRUE 3 3 1 5 3 3 2 4 5 5 3 4 1 1 1 2 2 1 1 5 1 5 4 2 2 4 4 2 4 2 2 4 1 1
"519" 23 "female" 21.7180660897457 3.2 FALSE 3 1 1 5 5 5 4 2 5 5 5 5 1 1 5 5 5 1 3 5 1 5 5 5 5 5 3 5 1 3 5 5 1 5
"520" 27 "male" 27.1020408163265 2.1 FALSE 1.5 1 1 5 1 3 3 1 5 4 3 3 2 2 3 2 3 3 2 3 2 5 5 2 4 4 2 2 5 3 3 5 2 4
"521" 20 "male" 22.3954134193317 2.7 FALSE 3 2 1 5 3 2 1 1 5 2 4 4 1 3 4 1 1 3 3 2 2 1 5 2 2 4 1 2 4 1 1 4 2 3
"522" 18 "female" 28.5482813163072 2.8 FALSE 5 3 3 5 3 5 4 4 5 5 5 4 2 4 3 4 4 5 3 3 4 3 5 1 2 5 5 5 4 5 5 3 3 5
"523" 21 "female" 20.7156938086805 3 FALSE 4 4 5 5 2 3 1 2 1 2 5 5 2 1 4 2 2 4 1 2 1 1 5 4 3 5 5 3 1 4 4 3 1 3
"524" 19 "female" 18.8189243102864 3 FALSE 5 5 5 5 4 5 3 2 3 3 5 2 1 3 4 1 2 4 3 5 2 1 5 2 3 5 5 3 1 5 5 3 1 4
"525" 22 "female" 22.8623685413809 3.2 FALSE 3.5 3 2 5 3 4 2 2 1 1 3 3 2 1 4 4 4 2 2 3 4 2 5 4 4 4 4 2 5 5 5 3 1 2
"526" 20 "female" 20.7612456747405 3.6 TRUE 2.5 3 2 5 5 4 4 3 1 4 2 1 1 1 1 2 3 3 4 3 2 1 5 3 2 5 5 2 1 4 4 1 3 2
"527" 19 "male" 22.9853975121687 3.3 FALSE 5 3 1 4 4 3 1 1 2 2 3 5 5 5 4 4 3 3 3 3 2 1 5 3 4 4 2 5 4 4 5 5 5 5
"528" 19 "female" 20.0474456213038 2.9 FALSE 5 3 4 5 5 4 1 3 2 3 5 4 3 2 4 5 4 4 2 5 5 1 4 3 1 5 5 1 1 5 5 5 1 1
"529" 17 "male" 25.2493372048984 2.2 FALSE 5 2 1 5 4 4 3 2 2 2 4 3 3 2 5 2 2 3 3 2 4 2 4 2 3 4 2 2 4 3 3 4 2 4
"530" 21 "male" 20.679012345679 2.1 FALSE 4 1 2 5 4 3 5 3 1 1 4 3 1 1 2 3 3 2 1 3 1 1 5 1 1 5 3 3 2 4 4 3 3 5
"531" 19 "female" 21.7993079584775 2.5 FALSE 4 3 5 5 3 3 4 2 4 4 4 3 2 2 4 3 4 3 4 3 2 3 4 1 2 4 5 2 3 5 4 3 1 2
"532" 24 "male" 31.804657843439 2.2 FALSE 4 3 5 5 3 3 5 4 3 3 4 4 1 4 5 5 3 5 5 5 3 4 5 4 4 1 5 1 4 2 3 5 4 5
"533" 21 "female" 19.723865877712 2.8 FALSE 3.5 4 1 5 3 3 3 2 2 5 5 5 3 5 4 4 3 4 3 3 1 3 4 5 4 5 4 2 2 5 5 4 3 3
"534" 18 "male" 22.0931700542861 3.5 TRUE 3 3 1 5 3 2 1 2 1 1 1 5 5 3 1 2 5 5 5 1 1 1 5 3 3 5 3 3 5 3 4 4 3 5
"535" 21 "female" 17.708576965485 2.6 FALSE 4.5 4 3 5 4 5 2 2 4 3 5 5 4 5 5 2 1 1 1 1 1 1 5 1 3 5 5 5 2 1 1 5 1 1
"536" 17 "male" 24.8163265306122 3.5 TRUE 2.5 2 1 5 3 3 3 3 3 3 4 3 2 2 5 4 3 3 3 3 3 3 5 3 3 5 3 5 5 3 5 4 3 5
"537" 22 "male" 27.4691358024691 4.1 TRUE 4 3 2 4 3 4 4 2 5 5 3 3 2 2 2 2 1 1 3 3 3 5 4 1 3 4 2 5 1 4 2 5 1 4
"538" 23 "male" 24.0317093723667 2.9 FALSE 5 3 2 5 4 4 2 1 4 4 3 2 1 1 4 2 3 2 4 4 5 3 4 1 4 5 1 4 5 3 3 5 4 5
"539" 21 "female" 24.023808670085 2.8 FALSE 2.5 4 3 5 3 3 1 3 5 4 5 3 1 1 5 2 4 5 3 5 1 1 5 1 3 5 5 3 4 5 5 3 1 5
"540" 23 "female" 25.6369171607114 2.2 FALSE 4 3 5 5 4 5 5 2 2 5 4 3 1 1 3 2 2 4 1 5 2 2 5 3 3 5 5 4 4 4 3 3 1 3
"541" 17 "female" 18.4964988769983 3.1 FALSE 2.5 4 5 5 3 5 2 2 2 2 3 3 3 3 4 4 4 4 3 3 2 2 5 4 3 5 4 3 2 3 4 4 2 2
"542" 20 "male" 22.351742870077 2.9 FALSE 4 3 3 5 3 4 1 1 1 2 4 2 1 1 4 2 1 2 1 2 3 1 5 5 5 5 2 5 4 2 5 3 3 5
"543" 22 "male" 27.7008310249307 2.6 FALSE 4 4 1 5 4 4 2 2 3 2 3 3 2 2 4 3 3 3 3 4 4 3 5 3 4 5 3 3 4 3 3 4 5 5
"544" 21 "male" 20.1347687186233 3.1 FALSE 1.5 2 1 4 3 3 2 1 3 1 5 4 1 1 1 1 1 2 1 2 1 1 5 1 2 5 2 4 5 3 3 5 1 5
"545" 22 "female" 19.1000918273646 2.4 FALSE 2.5 3 3 5 3 3 2 2 3 2 3 5 5 2 1 3 4 5 2 4 1 4 5 4 4 5 2 3 3 5 5 4 5 4
"546" 24 "male" 25.2493372048984 2.4 FALSE 4.5 2 2 4 3 4 3 2 3 2 5 3 2 1 3 2 2 2 2 4 3 2 4 3 4 4 4 2 4 2 2 4 2 4
"547" 19 "female" 23.1206235962479 3.2 FALSE 3 3 1 5 3 3 2 2 2 2 3 5 3 4 3 4 2 3 3 2 4 1 5 1 2 4 4 2 3 3 4 2 1 2
"548" 18 "female" 20.5688066136624 3.1 FALSE 5 3 5 5 3 2 2 2 4 2 2 5 3 3 2 1 4 4 3 1 1 4 5 4 3 4 5 3 3 3 3 4 3 3
"549" 22 "male" 23.8894628099174 2.4 FALSE 5 4 4 5 3 5 2 2 3 2 2 2 2 1 5 2 3 2 3 2 4 1 5 2 2 5 2 4 1 5 5 5 3 3
"550" 20 "female" 19.9593554942662 3.7 TRUE 2.5 3 2 5 3 2 2 1 3 1 4 5 3 4 3 5 4 3 3 2 1 2 5 4 2 5 5 2 1 5 5 4 2 2
"551" 19 "female" 25.7116620752984 2.8 FALSE 3 3 2 5 4 3 1 1 2 3 3 1 1 1 2 1 1 1 1 1 2 1 3 4 4 4 3 2 3 3 4 2 1 3
"552" 21 "female" 19.8140527358634 2.3 FALSE 2 3 2 5 4 3 2 2 1 3 4 4 1 1 3 4 1 3 1 1 2 2 4 2 3 5 3 3 4 3 3 2 1 3
"553" 28 "female" 19.4869614512472 2.8 FALSE 4 3 5 5 2 3 4 4 3 4 1 2 1 1 1 2 3 4 3 5 1 3 5 1 2 5 5 1 3 5 4 4 4 4
"554" 20 "female" 16.7062046844198 2.4 FALSE 3.5 4 2 5 3 1 2 1 3 1 2 5 5 5 5 5 3 5 5 3 4 4 5 2 3 5 3 2 4 2 3 4 3 2
"555" 20 "female" 22.3081499107674 3.7 TRUE 4 3 1 5 3 2 1 2 2 2 2 5 3 2 1 1 1 4 5 1 1 1 4 5 3 5 4 5 2 3 4 4 2 2
"556" 23 "male" 26.0275824770146 2.2 FALSE 4 4 2 5 3 2 1 1 5 3 1 2 1 3 5 4 4 1 2 2 1 2 3 2 2 5 2 2 2 2 2 5 2 2
"557" 27 "male" 23.7021620996647 2.6 FALSE 3 3 1 5 3 1 2 3 4 2 2 5 5 1 2 2 4 5 5 4 1 2 4 4 4 2 2 5 3 4 3 5 1 2
"558" 23 "female" 20.7612456747405 2.4 FALSE 2.5 3 4 5 3 3 2 2 2 3 3 3 3 1 2 3 3 2 2 5 2 2 3 3 4 3 2 2 4 3 3 4 3 3
"559" 22 "female" 20.9366391184573 2.4 FALSE 3 5 5 5 3 3 3 3 2 3 3 3 1 1 4 4 4 4 4 4 4 3 4 2 2 5 5 4 3 3 2 4 2 4
"560" 28 "female" 21.7738423573813 3.5 TRUE 4 3 2 3 1 2 4 2 5 5 4 4 2 2 1 1 3 2 3 3 1 5 4 5 5 4 4 2 4 3 2 4 2 1
"561" 22 "female" 17.9930795847751 3.5 TRUE 3 4 1 4 3 2 2 1 3 4 5 4 2 1 3 2 4 4 3 4 1 4 4 3 3 4 4 1 2 3 3 3 2 1
"562" 18 "male" 22.3863142771225 2.4 FALSE 5 2 1 5 4 3 3 1 3 1 3 5 3 3 4 1 1 3 1 3 1 1 4 1 4 4 3 1 5 2 5 5 1 2
"563" 25 "female" 27.5482093663912 3.3 FALSE 2 3 5 5 3 3 3 3 3 5 5 4 2 1 2 2 2 3 1 3 3 2 5 2 3 5 5 2 5 5 5 1 1 3
"564" 20 "female" 143.080124869927 2.7 FALSE 5 4 1 5 4 2 2 1 2 2 1 2 2 1 2 1 2 1 5 2 2 2 5 1 2 2 3 1 2 3 4 5 1 3
"565" 23 "female" 24.7675659198293 2.8 FALSE 4.5 3 2 5 3 2 3 3 3 3 2 5 5 4 1 5 3 4 4 4 1 5 3 4 2 5 4 3 1 5 5 5 3 3
"566" 21 "female" 20.4528853177502 3.2 FALSE 3 3 2 5 3 2 2 1 2 2 1 5 2 5 3 5 4 5 5 2 3 1 5 5 3 5 5 3 3 5 5 5 1 1
"567" 25 "female" 21.484375 3.2 FALSE 4 3 5 5 4 4 3 4 2 4 5 5 2 3 5 5 2 5 2 5 5 1 5 5 4 5 4 3 2 5 5 4 3 3
"568" 28 "female" 21.6049382716049 2.7 FALSE 3 4 3 5 5 4 3 2 4 4 3 5 5 4 4 5 4 3 4 4 4 4 4 1 4 4 4 3 3 4 4 4 2 4
"569" 19 "male" 25.3515413737155 3 FALSE 2.5 2 1 4 4 4 2 3 3 3 4 4 3 4 3 4 3 4 3 2 5 2 5 2 4 4 2 4 5 5 4 4 3 5
"570" 30 "female" 24.9680097375238 3.4 TRUE 3 3 3 5 3 2 5 5 3 3 5 5 4 3 3 3 3 5 1 5 1 1 5 1 1 5 5 5 4 5 5 5 5 5
"571" 28 "female" 20.9366391184573 2.3 FALSE 4.5 3 4 5 5 5 1 1 2 3 5 4 1 2 4 2 2 3 2 4 1 1 5 2 4 5 4 2 1 5 3 1 1 2
"572" 19 "female" 19.9480597689036 2.8 FALSE 3 4 4 5 3 3 2 3 3 4 4 3 2 3 4 3 4 4 1 4 3 2 5 1 2 5 4 4 4 5 1 4 3 4
"573" 18 "female" 17.6308539944904 3.3 FALSE 3 3 2 5 4 4 3 1 3 4 4 5 1 5 3 1 1 2 1 4 1 1 5 3 5 5 5 1 3 5 5 3 1 1
"574" 18 "male" 21.1388558594266 2.6 FALSE 3 4 3 5 3 3 1 2 2 1 4 4 1 2 4 2 2 2 2 4 3 2 5 3 3 5 4 3 3 3 5 5 3 5
"575" 18 "male" 19.0194420963652 3.2 FALSE 5 2 3 5 4 4 1 2 3 2 2 4 1 3 3 3 3 4 4 3 3 2 5 2 4 4 2 4 3 2 3 3 4 4
"576" 17 "female" 24.8015873015873 2.4 FALSE 2.5 2 4 5 3 4 2 2 2 3 3 4 4 2 4 2 4 5 5 4 2 2 5 3 4 5 4 3 3 5 4 2 2 2
"577" 21 "male" 21.9671201814059 2.7 FALSE 4.5 3 2 5 3 2 3 3 3 3 4 5 5 4 4 3 4 4 4 2 2 2 5 2 5 5 3 5 5 3 4 5 3 5
"578" 18 "female" 23.5970042064225 3.6 TRUE 3 4 3 5 3 3 2 2 3 2 4 3 2 1 4 3 3 3 3 4 4 1 4 5 5 5 2 2 1 3 3 1 1 3
"579" 21 "male" 20.8756327032514 2.8 FALSE 4.5 4 3 5 3 3 3 4 5 2 3 5 4 2 3 3 5 5 1 5 4 3 5 4 5 5 3 4 5 4 4 5 2 4
"580" 23 "female" 25.0995015956112 2.7 FALSE 3.5 2 4 5 4 4 2 2 3 5 5 4 2 2 5 3 4 4 4 4 3 4 4 1 1 5 5 3 2 5 5 3 1 5
"581" 20 "female" 26.9274376417234 3.4 TRUE 2.5 3 1 5 3 3 1 1 3 3 4 5 3 5 3 1 1 2 2 3 1 2 5 2 4 5 4 2 5 3 3 2 1 5
"582" 20 "female" 17.3010380622837 2.8 FALSE 4.5 3 5 5 3 4 3 1 2 3 5 3 1 2 3 3 2 2 1 5 2 1 5 2 1 5 3 1 2 4 5 2 1 1
"583" 26 "female" 23.0300453514739 2.3 FALSE 1.5 3 1 5 3 3 3 2 1 1 1 4 2 1 4 2 1 2 1 4 1 1 5 3 3 2 5 1 4 5 5 4 1 5
"584" 21 "female" 22.8571428571429 2.7 FALSE 3 4 3 5 5 5 4 3 4 2 2 2 1 1 2 2 3 3 2 3 5 4 5 1 5 3 4 5 5 5 5 5 3 5
"585" 19 "male" 24.2512783053324 3.1 FALSE 2 4 3 5 2 1 3 3 5 2 4 5 5 2 1 1 2 3 3 3 1 4 4 3 5 5 2 5 5 5 5 5 2 5
"586" 21 "female" 20.5191340925413 2.7 FALSE 3.5 3 5 5 3 4 2 1 2 4 5 5 1 2 4 5 2 4 3 5 2 1 5 1 3 5 5 2 2 5 4 3 1 3
"587" 22 "female" 20.2812330989724 2.2 FALSE 5 3 4 5 4 5 1 2 4 3 3 5 3 4 3 5 4 4 5 3 3 2 5 3 3 5 4 4 4 4 5 5 2 4
"588" 18 "male" 21.7858759619737 2.5 FALSE 5 4 3 5 3 4 2 3 3 4 5 4 2 1 4 3 2 1 3 2 3 2 4 4 4 5 2 3 5 2 3 4 2 4
"589" 21 "female" 19.4330132601738 3.2 FALSE 3 4 2 5 3 2 2 1 3 4 3 4 5 2 2 2 2 3 4 2 2 4 3 3 4 4 3 2 5 3 2 5 2 3
"590" 17 "female" 25.0995015956112 2.6 FALSE 2 3 3 5 3 3 2 2 2 2 3 5 5 3 4 3 4 4 5 4 2 2 5 3 4 5 4 2 2 5 4 2 2 3
"591" 20 "female" 19.5716812826979 2.3 FALSE 3 3 1 4 4 4 3 3 2 2 5 4 1 2 4 5 3 2 2 2 1 1 5 5 5 5 4 4 4 5 5 5 3 5
"592" 22 "female" 19.0311418685121 2.9 FALSE 2.5 3 1 4 3 3 3 4 2 2 4 4 2 3 2 4 2 4 1 4 1 1 3 1 2 2 4 2 1 4 4 5 3 3
"593" 19 "female" 21.2585034013605 2.2 FALSE 3 2 5 5 3 3 4 4 3 3 3 4 1 5 4 5 5 5 5 4 2 2 3 3 3 4 4 1 4 1 1 5 3 2
"594" 25 "female" 23.4235574063058 2.6 FALSE 4 3 4 5 3 5 3 3 1 3 3 5 1 1 4 5 1 3 3 3 3 1 5 2 3 5 4 3 3 5 5 4 1 2
"595" 29 "male" 33.1452118606109 2.2 FALSE 4.5 2 1 4 3 2 3 3 3 4 2 5 5 4 1 4 3 3 2 3 1 3 5 2 4 4 3 5 5 4 5 4 2 4
"596" 29 "male" 27.0640515887601 2.6 FALSE 3.5 4 3 5 3 2 4 5 5 3 2 3 2 1 4 5 3 3 2 2 3 3 4 4 4 4 4 4 5 3 3 5 4 4
"597" 17 "female" 18.0427010591734 2.4 FALSE 2.5 3 3 5 3 1 1 1 4 3 4 4 2 1 1 1 3 3 3 1 1 1 5 3 3 4 3 3 1 3 3 3 1 3
"598" 19 "male" 21.9138056975895 2.4 FALSE 3 2 1 4 3 3 1 3 3 1 5 3 3 2 2 3 2 2 2 2 3 1 5 3 5 3 3 3 5 3 3 5 3 4
"599" 18 "female" 25.9515570934256 2.6 FALSE 4 4 2 4 3 4 2 1 5 3 3 2 4 2 4 4 5 3 5 4 2 4 5 1 5 4 4 3 2 5 5 4 1 4
"600" 20 "female" 19.8176773682124 2.5 FALSE 3 3 5 5 3 3 5 1 5 3 4 4 1 1 1 1 3 3 4 3 1 2 4 1 1 4 3 1 1 3 3 4 1 4
"601" 21 "female" 18.5178040970642 3.8 TRUE 3 3 3 5 3 3 3 2 5 3 5 5 2 2 4 3 5 4 5 5 2 2 5 1 4 3 3 3 5 5 4 5 2 1
"602" 19 "female" 21.6049382716049 3.1 FALSE 2.5 3 3 4 3 5 3 3 2 5 5 3 2 2 3 3 3 4 2 5 2 3 5 3 4 5 5 3 2 4 4 3 2 3
"603" 19 "male" 21.3068181818182 2.1 FALSE 3.5 1 1 5 4 4 2 2 4 1 4 2 1 1 4 1 4 2 4 3 3 1 5 1 2 4 1 3 4 1 1 4 1 3
"604" 20 "male" 21.2244897959184 3.4 TRUE 1.5 1 5 5 3 2 4 2 1 1 5 2 1 1 5 5 3 2 1 2 4 1 5 5 4 5 3 2 4 3 4 1 2 5
"605" 19 "male" 26.1224489795918 2.1 FALSE 3 1 1 5 2 2 1 3 1 1 5 5 3 3 2 2 3 3 1 5 5 1 3 3 3 5 3 2 3 4 4 4 4 5
"606" 18 "female" 23.1481481481481 3.5 TRUE 5 1 2 5 4 5 1 3 2 5 5 2 1 1 5 2 2 3 3 2 3 1 5 5 3 5 3 1 5 4 4 5 1 5
"607" 16 "female" 19.140625 2.7 FALSE 1.5 3 3 5 4 1 2 1 3 3 1 5 5 5 3 3 4 2 4 1 1 2 5 4 5 3 5 5 5 3 3 4 2 3
"608" 18 "female" 21.4535737137265 2.6 FALSE 3.5 2 4 5 3 3 2 2 3 2 4 4 1 2 4 3 4 4 5 3 2 2 5 4 4 5 3 1 4 3 4 4 1 2
"609" 19 "female" 21.7993079584775 2.1 FALSE 3.5 4 5 5 4 2 1 1 4 2 3 3 2 2 4 3 4 3 2 3 2 2 4 2 2 5 4 4 2 2 2 4 2 5
"610" 19 "female" 19.8412698412698 2.9 FALSE 4 2 4 5 3 3 4 5 5 5 3 2 2 1 1 2 3 3 2 4 1 5 4 1 3 4 3 4 2 5 5 3 2 3
"611" 20 "female" 21.7738423573813 3.2 FALSE 3.5 4 4 4 3 5 2 4 5 5 4 5 4 3 2 2 4 5 2 5 2 4 5 3 3 4 4 4 4 5 5 4 3 3
"612" 21 "female" 18.8271604938272 3.5 TRUE 3.5 2 5 5 1 3 2 1 3 4 3 4 2 1 1 1 4 5 4 4 3 2 5 2 4 3 4 3 3 4 5 2 1 3
"613" 23 "male" 22.038567493113 1.9 FALSE 5 4 3 5 5 3 3 4 4 4 4 5 5 3 1 2 2 5 2 3 3 4 5 5 4 5 2 5 5 5 5 4 5 5
"614" 17 "male" 25.3592561284869 2.8 FALSE 4 4 3 4 3 5 2 2 2 2 4 4 2 1 5 2 3 3 3 3 2 1 5 3 5 5 2 4 5 3 3 4 3 5
"615" 18 "female" 21.7180660897457 3.1 FALSE 1.5 3 3 5 3 3 5 1 5 3 3 3 1 1 1 2 5 4 4 4 1 5 5 1 1 4 4 2 1 5 4 3 1 3
"616" 26 "male" 26.8744961031981 1.9 FALSE 4 3 4 5 3 1 3 4 5 3 2 4 2 1 3 4 2 3 4 5 5 2 5 2 3 5 4 3 5 5 5 4 5 5
"617" 22 "male" 18.788299225344 3.1 FALSE 4 5 1 2 3 2 2 2 2 2 2 4 4 4 3 3 3 3 4 2 1 1 1 1 1 4 5 2 2 4 4 4 2 2
"618" 18 "female" 25.9515570934256 2.4 FALSE 3 4 3 5 3 4 3 1 5 4 4 2 4 3 5 4 5 2 5 3 3 5 5 1 4 3 3 3 2 5 5 5 1 4
"619" 15 "female" 19.921875 2.8 FALSE 2.5 3 4 5 3 3 3 3 5 4 3 4 4 5 3 3 3 3 3 3 3 3 5 4 3 5 4 5 3 5 5 5 3 3
"620" 17 "male" 20.8979591836735 3 FALSE 3 3 1 5 3 2 4 4 1 1 1 5 3 3 1 1 3 5 5 1 1 1 5 1 1 5 3 5 5 3 3 3 3 4
"621" 22 "female" 28.0816326530612 2.4 FALSE 3.5 4 5 5 3 5 5 2 5 3 3 3 1 1 5 1 5 4 5 5 1 4 4 3 4 5 4 4 4 5 5 5 3 3
"622" 21 "female" 17.3611111111111 3.4 TRUE 1.5 2 2 5 3 2 4 1 5 5 5 5 3 4 1 2 3 3 3 4 2 5 5 2 2 5 5 5 1 4 2 3 1 5
"623" 21 "female" 19.4330132601738 3.1 FALSE 2.5 3 5 5 4 5 2 1 3 4 5 3 1 3 4 2 4 2 2 5 4 2 4 1 2 4 5 1 4 3 3 2 1 2
"624" 19 "female" 16.7572928422421 3.5 TRUE 1.5 2 4 5 3 3 2 2 4 3 3 4 2 2 1 3 2 5 5 3 1 2 5 2 2 4 3 2 4 5 5 4 2 2
"625" 26 "male" 28.3269742166724 1.7 FALSE 4 3 3 4 4 2 1 3 2 1 4 3 2 3 4 3 3 3 2 4 3 3 4 3 4 4 4 5 3 2 2 4 2 5
"626" 26 "female" 27.0416441319632 2.5 FALSE 3 5 3 5 3 2 2 3 3 3 3 5 5 4 1 4 4 5 2 3 1 1 5 4 5 5 4 3 2 2 1 1 2 1
"627" 19 "female" 20.5688066136624 2.7 FALSE 4.5 3 5 5 3 5 3 3 5 5 2 3 1 2 5 5 5 3 2 5 5 3 5 1 3 3 5 1 5 2 3 5 3 2
"628" 20 "male" 25.7672189440594 2.7 FALSE 5 3 1 5 5 4 1 1 2 1 3 1 1 1 3 1 1 2 2 1 5 1 5 5 5 5 3 5 5 5 5 4 2 5
"629" 18 "male" 24.6853298611111 2.8 FALSE 3.5 4 4 5 3 5 4 3 5 5 5 4 3 3 3 3 4 5 4 4 2 5 5 1 3 5 5 5 3 5 5 5 3 5
"630" 25 "female" 17.5696511169278 2.6 FALSE 2.5 3 5 5 3 5 2 2 2 2 5 5 4 4 2 3 2 4 4 2 3 2 5 3 4 4 4 4 3 2 4 3 2 3
"631" 23 "male" 23.3289930555556 1.6 FALSE 5 3 1 5 4 3 1 1 1 1 4 1 1 2 5 5 1 1 3 1 2 1 5 4 3 5 1 3 2 1 1 2 1 5
"632" 24 "male" 23.2686980609418 1.6 FALSE 5 5 1 5 3 4 1 1 1 1 3 3 1 3 4 5 1 3 5 1 3 1 5 5 5 5 3 2 3 2 2 4 3 5
"633" 20 "male" 22.5459590704128 3.1 FALSE 5 4 2 5 3 3 2 1 3 3 3 5 3 5 1 1 3 3 4 1 3 3 5 2 3 4 3 4 4 2 5 5 2 3
"634" 19 "female" 16.901027582477 3.4 TRUE 2.5 2 3 5 2 3 1 2 3 4 5 3 1 2 2 2 3 3 2 4 1 3 5 1 2 5 4 2 3 4 4 4 1 3
"635" 18 "male" 21.9678575557868 2.9 FALSE 5 4 1 5 3 2 1 2 4 3 4 5 5 5 2 2 3 5 4 2 2 1 5 3 3 5 2 5 2 4 4 3 2 5
"636" 25 "female" 21.5138585105239 2.7 FALSE 4.5 4 5 5 5 5 5 5 4 4 4 4 5 4 4 4 4 5 3 4 4 4 5 2 3 3 3 4 4 3 4 4 4 4
"637" 22 "male" 24.3438094940857 2.6 FALSE 4 3 5 1 1 2 3 4 3 3 2 2 5 2 2 2 3 4 4 3 2 3 4 4 4 4 4 4 4 4 4 4 4 4
"638" 26 "male" 26.8809349890431 2.7 FALSE 1 1 1 4 3 3 1 2 3 1 4 3 2 2 5 3 3 3 3 3 3 1 4 5 5 5 3 1 3 3 3 3 1 5
"639" 19 "female" 22.5895514360501 3 FALSE 4 1 4 3 3 3 3 3 3 3 3 3 3 3 3 3 3 3 3 3 3 3 5 5 5 5 5 5 5 5 5 5 5 5
"640" 16 "female" 18.6851211072664 2.9 FALSE 1.5 1 4 1 1 1 1 1 1 1 1 1 1 1 1 1 1 1 1 1 1 1 4 4 3 3 2 2 1 1 5 5 4 3
"641" 18 "male" 21.1388558594266 3.6 TRUE 1.5 3 1 5 2 2 4 4 4 2 3 5 5 4 2 3 2 3 2 2 1 4 5 1 4 3 2 5 5 3 3 4 3 5
"642" 20 "female" 18.3391003460208 2.4 FALSE 3 3 4 5 4 3 1 2 4 3 4 2 1 1 4 1 1 4 2 4 1 2 5 3 3 5 4 4 3 4 3 2 1 3
"643" 17 "female" 24.8015873015873 2.8 FALSE 3 3 4 5 4 4 2 2 2 2 3 5 5 3 4 3 5 4 4 4 2 2 5 5 5 5 5 5 5 5 5 5 5 5
"644" 20 "female" 21.2031052289593 2.2 FALSE 4 4 5 3 3 2 1 1 4 3 2 2 1 1 2 2 3 3 2 3 1 4 4 1 1 4 3 3 3 4 2 4 3 4
"645" 19 "female" 18.732782369146 2.9 FALSE 3.5 4 5 5 3 2 1 1 4 3 3 4 1 2 4 2 2 3 4 4 5 4 5 2 3 5 5 3 1 4 5 5 2 3
"646" 17 "female" 17.2110868084191 2.3 FALSE 4.5 5 5 5 3 3 3 4 4 4 3 3 2 2 4 2 5 3 4 2 3 3 5 1 1 5 3 1 3 5 5 5 3 3
"647" 18 "male" 21.1388558594266 2.7 FALSE 3 4 3 5 3 3 1 2 2 3 4 4 1 2 3 3 3 3 2 4 4 2 5 3 4 5 5 3 3 3 4 5 3 4
"648" 20 "female" 21.5450907971684 3.1 FALSE 3 4 2 4 2 4 1 2 3 2 3 3 1 1 1 1 4 4 1 3 2 3 4 4 2 4 3 2 1 5 5 5 1 2
"649" 17 "female" 19.0311418685121 2.6 FALSE 3 3 1 5 3 2 3 4 4 4 3 5 5 5 2 5 5 5 5 4 2 3 5 5 4 5 3 5 3 3 4 5 5 4
"650" 21 "male" 21.1327134404057 2.7 FALSE 2 4 1 5 3 2 5 2 4 5 4 5 4 1 2 3 3 3 2 3 4 3 5 5 5 5 5 5 5 5 5 5 5 5
"651" 19 "male" 22.1606648199446 2.5 FALSE 3.5 4 5 4 3 4 3 1 4 4 4 3 1 1 3 3 5 2 2 3 4 3 5 1 4 5 4 3 2 4 5 3 1 4
"652" 19 "male" 22.2824773819431 2.5 FALSE 3 3 2 5 3 3 2 2 4 3 4 5 4 1 2 2 5 5 4 4 3 2 4 2 4 4 4 5 5 3 4 4 1 5
"653" 16 "male" 22.343515592582 2.9 FALSE 4.5 3 2 5 3 2 2 1 2 4 5 2 2 1 5 3 2 3 3 3 3 1 5 3 3 5 4 3 5 5 5 3 2 4
"654" 19 "male" 25.2493372048984 2.4 FALSE 3 4 5 5 5 4 3 3 5 3 5 4 1 2 4 1 1 1 3 3 4 4 5 4 4 5 3 5 1 5 4 3 1 3
"655" 19 "female" 19.8140527358634 2.7 FALSE 2 4 3 5 3 3 1 1 3 1 3 2 1 1 4 3 5 3 4 3 3 2 5 2 2 3 2 3 1 4 4 5 1 3
"656" 21 "male" 25.2278645833333 2.6 FALSE 3 4 1 5 4 3 2 2 3 1 3 4 3 2 4 3 3 1 1 3 3 1 3 2 4 4 4 2 3 2 1 4 3 5
"657" 24 "male" 35.0620891161432 3.4 TRUE 3 2 3 2 3 3 1 2 3 3 3 2 4 2 5 3 4 3 3 4 4 2 5 5 5 5 2 4 3 3 3 3 3 4
"658" 23 "male" 26.3157894736842 2.4 FALSE 5 4 1 4 5 3 1 1 1 1 5 2 1 1 5 1 1 1 1 1 1 1 5 5 5 5 2 4 5 2 2 2 1 5
"659" 30 "female" 23.0545624644993 3 FALSE 3 3 5 5 1 5 1 5 1 5 1 5 1 5 1 5 1 5 1 5 1 5 4 2 4 2 4 2 4 2 4 2 4 2
"660" 27 "male" 31.634052798074 2.7 FALSE 4 3 4 3 5 3 2 2 4 3 5 1 4 3 4 4 2 4 3 4 2 3 3 3 4 4 5 3 3 2 3 3 3 3
"661" 19 "male" 18.9919649379109 2.9 FALSE 4 3 1 5 1 5 1 2 3 4 2 2 1 1 5 2 2 2 2 1 3 1 5 3 4 3 4 5 3 5 3 2 2 5
"662" 18 "female" 21.484375 2.7 FALSE 4 4 5 5 3 3 2 1 4 3 4 5 3 3 3 3 2 2 3 2 2 2 5 4 5 4 1 1 5 3 3 3 4 5
"663" 18 "male" 21.5972239073989 3.2 FALSE 2.5 3 2 5 3 1 2 3 4 5 2 4 5 4 1 1 2 4 4 2 2 4 5 1 1 4 3 4 4 3 4 5 3 3
"664" 17 "male" 20.4528853177502 2.4 FALSE 3.5 3 1 5 3 4 1 1 2 4 4 3 1 4 4 1 1 3 1 1 1 1 5 4 4 5 4 2 5 3 5 1 2 5
"665" 30 "female" 24.0569347455645 2 FALSE 5 1 1 4 5 5 1 1 1 1 4 5 3 2 1 1 1 5 3 1 4 1 5 4 4 5 1 2 5 2 3 4 2 5
"666" 19 "female" 20.2812330989724 1.9 FALSE 4.5 3 5 5 5 5 3 2 2 2 5 4 4 3 5 3 1 3 3 2 4 2 5 3 3 5 4 4 2 4 5 4 1 4
"667" 21 "female" 20.7156938086805 2.7 FALSE 4.5 4 2 5 1 4 1 1 4 4 5 5 3 4 4 4 4 4 2 2 2 2 5 5 4 5 5 2 2 5 5 3 2 5
"668" 17 "female" 19.4674012855831 3.5 TRUE 3.5 5 4 5 4 4 3 1 3 5 5 5 5 5 3 4 2 5 4 3 3 3 2 2 2 3 3 2 2 4 5 4 1 2
"669" 20 "male" 27.1669192713546 2.7 FALSE 3 2 1 3 3 1 3 3 5 5 3 2 2 2 1 1 1 3 1 1 1 4 5 1 2 5 4 4 4 4 4 5 4 5
"670" 20 "male" 22.2825921064681 2.5 FALSE 5 3 1 5 4 3 1 2 3 2 5 5 3 4 3 2 1 2 2 2 3 1 5 5 5 5 2 3 2 5 5 4 2 5
"671" 18 "male" 24.5351239669421 2.8 FALSE 1 4 1 4 3 4 1 1 2 1 2 2 2 1 4 1 1 3 1 1 1 1 4 3 1 5 5 3 5 2 2 4 2 5
"672" 20 "male" 27.7777777777778 3.3 FALSE 3.5 1 3 5 3 2 3 4 5 5 1 5 5 3 1 3 4 5 4 2 1 5 5 3 5 5 4 5 4 5 5 4 4 5
"673" 20 "male" 20.8307031940412 3.4 TRUE 3.5 3 2 5 3 2 3 3 4 2 3 5 4 4 3 2 3 4 4 2 1 4 4 3 4 4 3 4 3 3 3 5 2 2
"674" 17 "female" 19.5918367346939 2.1 FALSE 5 4 3 5 4 1 1 1 1 1 1 1 1 1 2 1 1 2 1 1 1 1 5 2 1 4 4 1 4 1 1 2 1 4
"675" 19 "male" 23.8087970452672 1.5 FALSE 5 3 3 5 4 2 1 1 1 1 2 2 3 1 2 1 1 3 1 1 1 1 5 2 1 5 4 2 5 1 2 3 1 5
"676" 20 "male" 24.485652005136 1.6 FALSE 3 4 2 5 5 2 3 4 3 1 2 5 5 3 5 4 4 5 2 4 2 2 5 1 5 5 3 3 4 4 3 5 5 5
"677" 21 "male" 19.4444444444444 2.6 FALSE 3.5 3 3 5 4 3 3 1 4 3 4 5 5 5 4 4 5 5 5 4 3 2 5 5 1 5 4 4 5 4 5 5 2 1
"678" 23 "male" 24.2214532871972 4.1 TRUE 5 1 3 3 4 1 1 1 1 2 5 5 2 2 5 4 4 5 1 1 1 2 3 3 2 4 5 3 3 4 5 1 4 3
"679" 24 "male" 25.2493372048984 2.5 FALSE 5 3 1 4 4 3 3 1 4 1 4 4 4 3 2 1 1 3 3 1 4 1 3 5 5 5 1 2 4 3 4 5 4 5
"680" 17 "female" 18.75 1.9 FALSE 2.5 4 3 5 5 3 1 2 2 1 4 2 1 2 3 2 1 1 2 5 2 1 4 1 1 4 2 2 2 3 2 5 1 2
"681" 18 "female" 20.9571711629325 1.9 FALSE 2.5 4 3 5 3 2 2 2 4 5 3 5 2 2 4 4 4 4 5 3 1 4 5 1 2 5 5 3 3 3 2 3 4 2
"682" 17 "male" 28.9262235208181 4.2 TRUE 1 3 1 5 3 2 2 2 5 4 4 5 5 5 1 3 4 5 5 2 1 4 5 3 5 5 4 5 3 5 5 3 3 5
"683" 19 "female" 19.5918367346939 2.5 FALSE 2 1 1 5 4 3 1 1 2 3 5 4 1 3 5 4 3 3 3 4 1 2 3 2 2 4 2 3 3 3 4 2 2 3
"684" 21 "male" 22.9176097781802 3.1 FALSE 3 3 1 5 2 3 2 2 3 1 3 2 1 1 5 2 2 1 3 3 3 1 4 5 4 5 3 2 2 3 2 5 1 5
"685" 29 "female" 20.0692041522491 2.8 FALSE 1.5 3 1 5 3 1 1 2 5 1 3 5 3 2 1 3 2 5 3 2 1 5 5 1 3 4 2 1 1 5 5 5 4 3
"686" 21 "female" 19.0311418685121 3.6 TRUE 2 4 1 4 3 1 3 1 4 2 2 5 4 2 1 2 2 2 4 2 1 2 5 4 3 3 3 4 4 5 5 5 2 2
"687" 20 "female" 22.0317256849864 3.3 FALSE 3.5 3 2 5 3 3 3 1 4 4 4 5 3 3 3 3 5 5 3 4 1 4 5 2 2 4 4 1 3 4 4 3 2 2
"688" 20 "female" 19.4869614512472 2.6 FALSE 2 4 2 5 3 3 4 3 4 5 4 5 3 3 2 4 3 5 5 2 1 2 4 1 2 4 4 3 2 4 2 2 2 1
"689" 19 "male" 23.6294896030246 2.7 FALSE 3.5 2 1 1 3 4 1 2 1 2 4 5 3 4 5 2 1 3 3 4 4 1 5 4 5 4 3 2 4 2 3 3 2 5
"690" 20 "female" 19.0519737844841 2.9 FALSE 3 4 5 5 3 1 2 2 5 4 3 5 5 4 3 2 4 4 4 2 1 3 5 3 4 5 3 5 3 4 4 2 2 5
"691" 21 "female" 24.8015873015873 3 FALSE 3.5 4 5 5 3 4 2 1 3 2 4 3 1 1 5 4 4 3 3 5 2 3 5 3 2 5 5 5 2 2 2 5 1 2
"692" 20 "female" 20.9366391184573 2.9 FALSE 1.5 2 1 5 3 3 4 5 5 5 2 5 3 4 1 4 4 5 3 4 1 5 3 1 1 4 3 2 1 5 5 5 2 3
"693" 19 "male" 20.6716958844533 2.6 FALSE 3.5 4 1 3 3 2 1 1 4 3 3 4 1 1 1 1 5 3 5 2 2 4 5 2 2 5 3 2 2 2 2 4 2 3
"694" 21 "male" 23.7196092506476 2.4 FALSE 4 4 1 4 3 4 3 2 4 4 3 5 4 2 2 2 2 3 2 2 2 3 5 3 4 4 3 4 4 3 3 4 3 4
"695" 19 "male" 21.0526315789474 2.8 FALSE 5 3 2 4 3 3 2 2 2 3 5 4 1 1 1 4 3 3 3 3 1 1 5 1 3 5 4 4 4 3 3 4 5 5
"696" 19 "male" 25.1651462724127 2.3 FALSE 5 3 1 5 3 2 1 1 2 3 4 5 5 5 4 3 5 4 3 1 1 3 5 2 2 5 4 4 4 4 4 3 3 3
"697" 20 "male" 19.4093582967542 2 FALSE 4 4 5 5 3 4 3 2 5 3 2 5 5 4 2 4 5 5 4 5 1 3 4 1 3 5 4 1 5 5 5 5 5 4
"698" 21 "female" 20.0692041522491 1.9 FALSE 4.5 3 5 5 5 4 1 1 1 2 5 4 1 1 4 5 3 4 4 4 2 1 5 5 4 5 3 2 1 4 5 2 1 4
"699" 23 "female" 25.5937370619895 3.4 TRUE 2.5 3 3 4 3 4 2 1 2 4 4 3 1 2 3 3 3 4 4 4 1 2 5 4 3 4 4 3 2 5 5 2 2 2
"700" 24 "female" 18.5567732222261 2.4 FALSE 3.5 3 3 5 4 2 3 3 1 4 5 5 1 1 4 3 3 2 2 4 1 2 4 4 5 4 3 1 2 4 3 2 1 3
"701" 19 "male" 18.9919649379109 3.1 FALSE 5 2 5 5 5 4 3 3 2 1 4 4 3 4 5 2 2 2 3 2 5 1 3 3 3 5 2 2 2 3 5 2 2 4
"702" 30 "male" 23.038752362949 2.4 FALSE 5 5 4 5 4 2 5 4 5 5 2 3 2 3 2 3 5 4 4 3 4 5 5 5 3 5 5 1 4 3 2 5 3 5
"703" 20 "female" 20.5693296602388 3.1 FALSE 2.5 3 2 4 4 3 1 1 1 3 5 1 1 1 4 2 2 1 1 3 1 1 5 2 2 5 5 4 4 5 5 3 1 2
"704" 23 "female" 18.4672206832872 3.4 TRUE 2 3 5 5 3 5 2 2 3 3 4 2 1 1 4 2 4 2 2 3 5 3 5 3 3 5 5 5 2 2 4 4 2 3
"705" 19 "female" 17.6470588235294 3.4 TRUE 2 3 4 5 2 3 4 2 5 5 5 5 2 2 1 4 4 5 5 2 1 4 5 1 2 5 5 3 3 5 5 4 1 2
"706" 19 "male" 17.7221172022684 2 FALSE 3 4 2 5 2 2 1 1 3 1 3 5 3 4 1 4 2 3 5 1 2 1 3 1 2 3 4 4 2 1 2 1 1 3
"707" 22 "female" 20.147971991016 2.4 FALSE 4.5 3 3 3 2 1 4 4 5 3 2 2 1 1 1 2 4 2 1 3 1 5 5 1 3 4 5 2 2 5 5 3 2 3
"708" 17 "female" 22.2040816326531 3 FALSE 2.5 4 1 4 3 4 1 2 3 4 4 2 1 1 4 4 3 3 1 1 1 1 5 1 4 5 2 3 1 5 5 5 1 4
"709" 19 "male" 24.4897959183673 2.1 FALSE 5 4 2 5 4 2 1 2 2 1 2 2 1 1 5 3 2 2 2 3 3 1 5 3 5 5 2 5 5 3 3 4 2 5
"710" 27 "male" 23.1481481481481 2.3 FALSE 4.5 3 2 5 2 4 2 1 1 2 3 3 1 1 5 3 3 2 2 2 1 1 4 3 3 5 5 3 2 2 2 3 1 4
"711" 19 "male" 27.7777777777778 2.9 FALSE 4 3 2 5 4 5 3 3 3 2 5 4 3 4 5 4 2 3 2 4 4 2 5 3 4 5 3 4 4 4 4 5 4 5
"712" 17 "female" 20.956607495069 2.4 FALSE 4.5 3 1 5 3 3 2 1 3 4 4 5 3 3 3 3 5 3 2 4 3 3 5 2 3 3 2 4 3 3 2 4 4 5
"713" 20 "male" 21.7013888888889 2.4 FALSE 1.5 3 3 5 4 4 2 3 3 5 4 3 1 2 2 3 3 3 4 2 5 2 5 4 4 5 3 4 4 5 5 3 3 4
"714" 20 "male" 34.6260387811634 3 FALSE 3.5 3 2 5 3 4 4 2 3 3 4 3 2 2 5 3 3 3 2 3 4 2 5 4 4 5 1 2 5 4 4 4 2 4
"715" 20 "male" 26.5668397536529 2.5 FALSE 2 3 1 5 3 4 3 3 3 3 3 4 4 3 4 3 3 1 3 2 5 3 5 4 4 4 3 5 4 4 4 4 2 4
"716" 21 "male" 22.8774057021934 2 FALSE 3 4 3 5 4 4 2 2 3 2 5 4 3 1 4 3 4 2 3 5 4 2 5 5 4 5 4 3 4 5 4 4 3 5
"717" 21 "male" 21.5647600262985 2.6 FALSE 1 3 3 5 5 3 2 2 4 4 3 2 1 1 2 2 3 3 4 1 5 2 5 4 3 5 2 4 4 5 4 2 1 4
"718" 20 "male" 24.8356464572681 3.3 FALSE 5 3 2 5 3 3 2 3 3 4 3 5 4 4 4 3 3 4 4 2 3 3 5 3 5 5 4 5 4 5 5 3 3 4
"719" 17 "female" 23.8497765970293 2.5 FALSE 2.5 3 3 4 2 4 3 2 3 4 3 4 2 3 4 2 1 2 4 3 2 2 5 4 4 4 3 4 5 2 3 2 4 2
"720" 23 "male" 26.2965668371074 2.9 FALSE 4 4 1 4 3 2 3 3 4 4 2 5 4 4 3 4 2 4 4 1 1 3 3 1 3 4 2 4 5 2 3 4 4 4
"721" 25 "female" 18.9291508923743 2.6 FALSE 2.5 4 1 5 3 4 2 4 2 3 4 3 1 1 1 3 1 3 3 4 1 1 5 1 2 5 3 2 2 3 4 4 2 4
"722" 18 "female" 18.6851211072664 4.1 TRUE 3 3 3 5 3 2 1 2 5 4 4 5 3 3 2 1 3 5 5 2 1 1 5 2 2 4 4 1 5 5 5 5 2 2
"723" 25 "female" 22.3214285714286 2.1 FALSE 2 4 2 5 4 4 2 1 2 1 5 3 3 2 3 1 1 1 2 3 4 1 5 3 3 4 4 2 2 3 4 2 2 2
"724" 21 "male" 22.5308641975309 3 FALSE 2 3 1 5 3 3 2 1 4 3 3 5 4 2 2 3 4 5 4 2 3 3 5 2 3 5 4 2 3 4 5 4 2 4
"725" 20 "male" 22.0384011592803 3 FALSE 4 2 1 5 3 2 3 1 3 3 3 5 3 2 2 2 3 2 5 1 4 1 5 2 4 4 3 4 3 2 3 3 2 4
"726" 18 "female" 20.5761316872428 2.1 FALSE 5 1 1 5 3 5 1 1 1 2 3 2 1 2 3 2 2 2 2 5 3 1 5 4 4 4 4 2 3 2 3 2 1 4
"727" 19 "male" 21.7365052529888 2.1 FALSE 5 4 3 5 3 3 1 2 3 1 4 1 1 1 5 5 4 4 1 3 3 1 5 2 3 5 4 5 5 4 5 4 2 4
"728" 22 "male" 24.9153159206069 2.6 FALSE 5 3 5 5 3 1 3 5 3 1 1 5 3 4 3 3 4 5 5 2 1 1 5 1 3 3 3 1 5 3 4 5 1 5
"729" 26 "male" 22.9440888781548 2.4 FALSE 4.5 5 2 4 2 2 2 2 4 5 4 4 2 2 5 4 4 4 3 2 4 3 5 4 4 5 4 2 4 4 4 2 2 4
"730" 23 "male" 25.4200146092038 1.9 FALSE 5 3 2 4 5 5 1 4 2 1 2 4 5 3 2 1 2 4 4 2 5 2 5 5 5 5 1 4 2 2 2 4 2 5
"731" 18 "female" 20.5761316872428 2.1 FALSE 5 1 1 5 3 5 1 2 1 2 3 2 1 3 4 2 2 2 1 5 4 1 5 4 4 4 4 3 3 2 3 2 1 5
"732" 18 "female" 18.6851211072664 3.7 TRUE 3 5 2 5 3 1 1 3 5 5 4 5 2 2 1 1 4 5 5 2 1 1 5 2 1 5 5 1 5 5 5 5 2 2
"733" 16 "female" 19.1326530612245 3.3 FALSE 4.5 3 1 5 4 4 1 1 2 1 2 4 3 5 3 2 2 3 2 1 4 1 5 1 3 5 5 1 1 4 4 1 1 3
"734" 19 "female" 20.1955782312925 3.2 FALSE 2 2 2 5 3 3 1 1 2 3 4 3 1 1 2 3 4 3 3 4 3 1 5 2 3 5 5 5 2 5 4 2 1 4
"735" 19 "female" 18.9387755102041 3.3 FALSE 4 4 3 5 3 4 2 1 4 1 4 5 3 4 3 4 4 4 5 1 4 1 5 1 2 5 5 3 1 5 5 4 1 5
"736" 21 "male" 24.3072435585805 1.7 FALSE 2.5 1 1 5 5 3 2 1 3 1 3 4 5 4 1 1 1 3 4 1 2 1 5 5 5 2 1 5 4 1 2 1 1 5
"737" 20 "female" 18.9387755102041 3 FALSE 4.5 4 5 5 3 3 2 1 2 2 4 4 3 2 2 1 2 4 2 5 2 2 5 4 5 5 5 1 4 4 1 4 2 2
"738" 20 "male" 17.5925925925926 2.8 FALSE 5 3 1 5 3 5 1 2 3 2 4 3 1 1 4 2 2 3 1 1 4 1 5 2 2 5 3 5 4 2 2 1 2 5
"739" 19 "male" 21.3668691431885 2.5 FALSE 3.5 1 3 5 3 3 3 2 2 3 3 5 3 2 3 2 2 3 1 2 1 2 5 2 3 5 3 2 3 3 4 4 1 3
"740" 17 "female" 21.3039485766759 2.8 FALSE 3.5 2 2 5 3 2 3 4 3 2 2 4 3 2 4 3 2 3 2 2 3 4 2 3 2 4 3 2 3 3 2 4 3 2
"741" 19 "female" 18.0259573786252 2.4 FALSE 4.5 4 5 5 4 3 1 1 2 3 3 5 3 2 2 4 3 4 2 2 1 1 5 2 3 5 5 4 4 5 5 4 2 2
"742" 22 "male" 27.4144536926939 2.5 FALSE 2.5 3 1 5 3 2 3 4 3 4 2 5 3 3 1 2 4 4 4 3 1 2 5 4 4 3 2 2 3 2 2 3 2 3
"743" 23 "male" 25.3814685419093 2.8 FALSE 2.5 3 3 5 3 2 2 3 1 2 4 3 1 2 3 2 3 2 4 3 2 3 4 2 3 2 3 2 4 3 2 3 3 2
"744" 28 "female" 18.2531097890752 2.9 FALSE 3 3 3 5 3 2 2 1 3 2 2 5 2 3 1 3 5 5 5 3 1 1 5 1 5 3 3 3 3 3 3 5 3 1
"745" 21 "male" 25.8264462809917 3.1 FALSE 4.5 3 1 5 2 2 1 2 3 4 3 3 1 1 2 4 4 2 1 3 1 3 4 2 4 5 5 4 4 4 3 2 1 5
"746" 22 "female" 16.7062046844198 2.3 FALSE 2 1 1 4 3 1 2 2 2 2 3 3 1 2 1 2 3 3 2 2 1 2 5 2 4 5 5 4 5 2 2 4 2 4
"747" 19 "male" 21.2200090538705 2.1 FALSE 3.5 3 2 5 5 2 4 3 2 1 1 5 5 4 2 3 5 4 4 3 1 1 3 2 2 5 1 5 5 3 4 4 3 3
"748" 24 "female" 21.484375 2.2 FALSE 3 3 4 3 3 2 1 2 2 5 5 3 1 1 2 2 2 3 1 5 1 2 5 2 3 4 5 3 2 4 4 3 1 3
"749" 23 "male" 21.7993079584775 2 FALSE 5 3 1 5 3 4 3 3 2 2 4 4 1 3 5 3 3 3 2 2 3 2 5 3 4 5 4 5 5 4 4 5 3 5
"750" 21 "female" 19.3337299226651 2.6 FALSE 2.5 3 3 5 3 5 3 1 5 5 2 1 1 1 2 3 4 3 5 5 5 4 5 5 3 3 1 4 5 5 5 5 1 2
"751" 22 "female" 17.9282154254366 2.8 FALSE 3 3 2 5 4 4 3 2 2 3 5 3 2 3 3 3 2 2 1 3 1 1 4 2 2 5 5 2 2 5 5 3 2 4
"752" 18 "male" 23.9248582230624 2.9 FALSE 3.5 4 3 5 2 3 2 3 2 1 4 4 3 3 2 2 3 2 2 2 3 2 5 3 4 3 4 3 2 3 2 4 3 3
"753" 28 "female" 21.0480476121353 2.6 FALSE 4 3 2 5 3 4 3 2 3 4 4 3 2 3 4 4 2 5 3 2 2 3 3 4 2 2 2 4 4 4 3 2 2 3
"754" 18 "female" 17.6308539944904 2.4 FALSE 3.5 4 1 5 4 2 1 1 3 4 4 5 1 1 4 4 5 5 5 4 1 2 5 1 4 5 5 2 4 5 5 5 2 5
"755" 23 "female" 22.7903289734443 2.9 FALSE 3.5 4 1 5 3 2 2 1 4 5 3 5 5 4 1 1 3 4 5 4 1 5 4 1 1 4 4 1 4 4 4 5 1 5
"756" 22 "female" 20.9571711629325 2.7 FALSE 4 3 2 5 4 4 2 1 1 1 4 3 2 4 3 3 2 4 2 3 3 2 4 2 3 4 3 2 4 2 3 4 2 3
"757" 21 "female" 19.3337299226651 3 FALSE 2.5 3 4 5 3 4 4 2 4 3 3 4 1 3 1 2 4 4 4 2 3 4 5 2 3 2 2 2 2 3 4 4 3 4
"758" 20 "female" 19.4931773879142 4.5 TRUE 3.5 3 5 5 4 2 3 1 5 3 3 5 4 4 2 3 4 5 5 5 2 4 5 1 4 3 2 4 4 4 3 3 3 2
"759" 18 "female" 22.4913494809689 2.8 FALSE 2 3 1 4 4 5 2 3 1 3 4 4 3 1 4 2 2 3 3 3 4 1 5 4 4 5 4 4 3 4 5 2 3 2
"760" 21 "male" 17.9591836734694 3.1 FALSE 2.5 1 1 4 3 2 2 1 3 1 3 5 4 4 1 3 3 5 4 1 1 1 5 1 4 4 2 2 3 1 1 1 2 3
"761" 20 "male" 23.3747260774288 2.6 FALSE 3.5 2 1 5 4 2 2 2 3 2 2 5 4 4 2 2 2 4 4 2 3 2 5 3 4 4 3 3 4 1 2 3 4 4
"762" 21 "female" 18.3654729109275 3.1 FALSE 5 2 5 5 1 3 2 1 3 1 3 4 4 3 3 3 3 3 5 5 1 2 5 5 3 4 5 3 3 5 4 4 2 3
"763" 20 "female" 19.8347107438017 2.6 FALSE 1 2 1 4 4 3 3 3 3 5 3 4 3 3 2 3 3 5 1 3 1 3 3 5 3 4 2 2 3 3 3 3 1 3
"764" 17 "male" 24.5434623813002 2.7 FALSE 4.5 4 2 5 3 4 2 2 1 1 4 3 2 3 4 2 3 2 3 2 3 2 4 3 2 3 3 3 2 3 3 1 2 3
"765" 20 "female" 21.8775510204082 2.8 FALSE 3 4 1 5 3 5 1 1 3 2 5 3 1 1 4 3 2 1 1 2 4 3 5 3 4 5 5 1 2 3 3 5 1 5
"766" 23 "female" 22.206330686138 3.6 TRUE 1.5 3 3 5 4 2 2 1 5 2 4 4 2 5 3 1 4 5 5 2 3 3 5 4 4 5 3 2 3 5 5 4 2 2
"767" 19 "female" 20.8116545265349 2.6 FALSE 3.5 3 2 5 3 3 1 1 1 1 3 2 1 1 2 2 1 1 1 1 1 1 5 3 5 5 2 1 5 5 5 4 1 1
"768" 22 "male" 20.9023858580429 2.2 FALSE 4 1 1 5 3 3 2 2 2 2 2 4 3 3 1 2 2 2 5 2 1 2 5 4 4 4 2 2 2 3 3 5 1 5
"769" 19 "female" 21.0771952275208 3.2 FALSE 4 3 4 5 3 5 1 1 1 1 5 3 1 2 4 4 1 2 3 1 3 1 5 2 3 5 5 4 4 5 5 3 1 4
"770" 19 "female" 18.796189499765 3 FALSE 2 2 2 5 3 4 2 2 5 3 4 3 2 2 4 4 2 4 3 4 3 3 5 5 4 5 5 3 2 5 5 5 2 3
"771" 18 "female" 16.5289256198347 3.4 TRUE 2 4 2 5 3 3 2 1 2 3 3 2 2 3 5 3 1 1 1 3 3 2 5 3 2 5 5 2 3 5 5 3 2 3
"772" 18 "male" 25.2493372048984 2.6 FALSE 4.5 4 1 5 3 4 2 2 1 3 4 3 4 3 2 3 2 3 1 2 2 3 5 4 4 3 4 4 5 5 4 3 4 5
"773" 20 "female" 18.7304890738814 2.8 FALSE 4 3 3 5 3 4 2 2 1 3 5 3 2 1 4 3 2 2 1 3 4 2 5 1 1 5 4 3 1 5 4 2 1 3
"774" 17 "female" 17.3010380622837 3.3 FALSE 3 3 2 5 3 2 2 3 5 4 3 4 2 3 1 4 5 5 4 3 1 2 5 3 4 4 4 4 4 4 4 4 2 2
"775" 21 "female" 22.5710475017954 3 FALSE 3 2 3 4 3 2 3 2 3 1 4 3 4 4 2 3 4 3 2 3 3 2 4 2 3 4 4 3 3 4 3 3 3 4
"776" 18 "female" 22.2309871275413 3.4 TRUE 3.5 3 2 5 3 4 1 1 5 4 5 5 4 5 4 5 5 5 5 5 2 5 5 1 3 5 5 4 2 4 5 3 5 5
"777" 19 "female" 22.8625344752504 4.3 TRUE 2 3 1 5 3 2 5 1 5 1 4 5 2 4 4 1 3 5 5 1 5 3 5 1 5 4 2 5 1 5 4 5 1 5
"778" 18 "female" 18.5911303407247 2.8 FALSE 3 3 1 5 3 3 2 1 2 2 4 4 3 3 4 5 4 4 4 3 1 1 5 1 2 3 4 2 3 3 3 2 1 4
"779" 19 "female" 17.908855357415 2.8 FALSE 4.5 3 2 5 4 3 3 2 4 3 5 4 1 1 2 1 3 3 2 3 2 3 5 4 4 5 4 5 4 5 5 3 1 5
"780" 22 "male" 21.6049382716049 2 FALSE 4 3 1 5 2 5 2 3 3 3 4 4 4 4 5 4 2 4 3 4 1 3 3 4 4 4 2 5 5 3 5 2 4 5
"781" 16 "female" 16.9753086419753 3.3 FALSE 3 3 3 5 3 3 1 1 2 1 3 3 3 2 4 3 2 1 2 1 1 1 4 2 2 3 4 3 3 4 4 2 1 3
"782" 18 "female" 25.9515570934256 2.5 FALSE 2.5 3 5 5 3 4 3 2 3 4 4 3 1 1 2 3 2 3 2 4 2 2 5 4 3 5 5 4 2 5 5 4 3 3
"783" 26 "male" 21.9678575557868 2.5 FALSE 5 3 1 4 3 4 1 1 1 1 4 3 2 2 4 5 3 5 4 1 5 1 5 5 5 4 2 5 3 2 4 2 2 5
"784" 19 "male" 18.7260073031428 2.7 FALSE 2.5 3 2 5 2 3 3 3 4 3 4 5 3 3 1 3 3 3 4 4 4 2 4 2 3 5 4 5 4 5 5 4 4 4
"785" 20 "female" 20.9366391184573 3.4 TRUE 2.5 3 5 5 3 3 1 3 3 3 5 4 1 4 4 4 4 4 3 5 1 1 5 1 4 4 4 4 3 4 5 4 2 4
"786" 20 "female" 20.2448979591837 3 FALSE 3 4 5 5 3 5 3 2 2 3 3 3 1 2 4 4 3 3 2 5 4 3 4 2 4 4 5 2 3 5 3 4 2 4
"787" 19 "female" 18.5077660037741 2.5 FALSE 3 3 4 5 3 2 1 2 1 1 2 5 5 5 1 3 1 3 1 3 1 1 4 1 4 5 1 3 1 3 3 5 1 5
"788" 20 "male" 21.2244897959184 3.2 FALSE 1.5 1 1 5 4 2 1 1 1 2 2 2 1 1 5 1 2 1 1 2 2 1 4 4 4 5 4 4 4 3 2 3 2 5
"789" 22 "female" 20.6575400021008 2.7 FALSE 3.5 4 5 5 5 5 3 1 3 3 4 1 1 1 3 2 2 2 3 2 4 2 4 5 5 5 4 3 2 2 2 3 2 2
"790" 24 "female" 15.495867768595 3.8 TRUE 3 3 1 4 3 3 2 3 4 4 4 3 2 4 2 5 4 5 4 3 1 2 4 5 4 4 3 2 5 5 5 4 2 4
"791" 20 "male" 25.3515413737155 3 FALSE 5 4 2 5 3 4 4 1 3 4 5 3 1 1 5 4 3 2 3 4 4 3 5 5 4 5 4 4 5 4 4 5 3 4
"792" 21 "female" 20.0796012764889 3.8 TRUE 1.5 5 1 5 2 3 4 4 5 3 2 1 1 1 1 1 4 1 1 3 1 3 3 3 4 4 4 1 1 3 4 5 2 1
"793" 17 "female" 22.4913494809689 2.8 FALSE 4 3 4 5 5 5 3 3 3 5 5 5 2 4 1 3 2 5 2 5 4 3 5 5 5 5 5 5 5 5 5 5 3 5
"794" 19 "female" 19.0311418685121 1 FALSE 3 5 5 5 5 1 1 1 5 5 1 1 1 1 1 3 4 1 5 5 1 5 5 5 1 5 5 1 3 5 5 1 2 1
"795" 18 "male" 20.3036975606966 2.4 FALSE 4.5 3 2 5 3 2 2 2 3 2 2 5 5 5 1 4 4 4 2 3 2 3 5 4 4 5 1 5 5 4 5 5 5 5
"796" 19 "male" 22.1526465028355 2.2 FALSE 4.5 3 2 5 4 3 2 2 3 3 4 3 2 1 5 3 3 3 2 2 3 2 5 3 3 5 3 4 4 3 4 4 2 4
"797" 19 "male" 21.6049382716049 2.8 FALSE 2.5 1 5 5 3 2 1 2 3 2 4 5 4 3 2 2 3 4 3 2 1 1 5 3 4 5 4 4 5 5 5 2 2 5
"798" 22 "male" 23.4493408447482 3.7 TRUE 1.5 1 1 5 3 5 1 4 5 5 3 4 2 1 4 2 5 4 4 2 1 5 5 5 4 5 5 4 5 5 5 3 3 4
"799" 18 "male" 19.1515847936417 3.3 FALSE 4 3 1 5 4 2 4 3 4 2 2 5 4 4 1 4 3 4 3 2 3 2 4 2 2 4 2 4 2 4 4 4 2 4
"800" 19 "female" 27.7742709253882 2.8 FALSE 4 3 2 5 3 3 3 3 3 4 3 5 2 4 1 3 3 5 5 3 2 2 5 3 4 5 5 5 4 4 4 4 1 4
"801" 20 "female" 39.1836734693878 3.4 TRUE 1 1 1 5 3 2 5 5 4 5 2 5 5 5 1 4 5 2 3 1 1 3 4 5 3 5 3 4 2 5 5 5 3 1
"802" 21 "female" 21.7982023948162 2.3 FALSE 5 4 1 5 3 1 2 2 2 2 2 5 5 5 1 5 3 4 4 2 2 1 5 3 4 5 4 4 3 3 3 5 2 4
"803" 19 "female" 20.9572742022715 2.4 FALSE 3.5 3 5 5 3 4 2 3 3 5 5 5 2 2 3 4 4 4 2 5 2 3 5 1 3 5 5 3 3 4 5 4 3 4
"804" 19 "male" 24.7842575173938 2.6 FALSE 3.5 2 1 5 4 4 2 2 1 1 4 4 3 2 4 2 1 2 3 2 4 1 5 4 5 4 4 3 4 3 2 3 3 2
"805" 21 "female" 22.038567493113 3.5 TRUE 3 4 1 5 2 2 1 2 2 1 4 5 5 3 2 3 5 5 3 3 1 2 5 2 3 5 3 3 2 5 5 3 2 4
"806" 19 "male" 23.9132745243915 2.4 FALSE 2 3 2 5 3 4 2 2 4 4 5 5 1 1 3 2 4 4 1 4 2 3 5 2 3 5 4 3 5 5 5 4 2 5
"807" 19 "female" 20.1955782312925 3.9 TRUE 2 2 3 5 4 1 2 4 5 5 3 4 1 1 1 2 3 4 5 2 1 2 5 5 5 4 3 5 3 3 4 2 2 3
"808" 18 "male" 22.0931700542861 2.8 FALSE 2.5 1 1 5 4 2 1 1 3 2 2 4 3 2 2 4 3 4 5 1 1 2 4 1 1 4 1 4 2 2 3 2 1 3
"809" 22 "female" 20.2812330989724 2.6 FALSE 4.5 3 5 5 4 3 1 1 3 3 5 3 1 1 4 4 2 3 3 4 2 1 5 4 2 5 4 1 1 5 5 1 1 2
"810" 21 "female" 20.2020202020202 3 FALSE 2 1 3 5 2 1 3 2 3 3 3 4 4 3 1 2 1 4 3 3 1 1 4 5 2 3 2 1 1 3 3 3 1 2
"811" 20 "female" 19.0039083509627 2.7 FALSE 3 2 2 5 2 1 3 2 4 2 4 5 3 3 1 4 2 3 5 2 1 2 5 3 4 4 5 2 2 4 5 1 1 2
"812" 19 "female" 23.1472551213302 3.1 FALSE 2.5 2 1 4 3 2 5 3 5 2 2 4 2 4 3 3 4 4 4 2 4 4 4 1 1 3 3 2 2 4 3 5 2 1
"813" 30 "female" 19.1326530612245 2.8 FALSE 3.5 5 5 5 5 3 2 2 4 5 5 5 5 1 5 2 3 3 3 5 5 3 3 1 1 5 5 1 3 5 3 3 3 3
"814" 29 "male" 28.7037037037037 1.8 FALSE 3 2 1 5 4 2 1 1 2 2 3 4 4 1 1 1 2 3 1 2 1 2 5 2 4 5 2 3 4 2 2 5 4 4
"815" 21 "male" 27.0416441319632 2.5 FALSE 1.5 1 1 5 5 2 1 1 1 1 1 5 5 4 5 2 1 4 2 1 2 1 5 4 5 4 1 4 4 1 1 4 3 5
"816" 30 "male" 37.5 3.1 FALSE 2.5 1 1 4 4 4 1 4 4 1 3 4 4 3 2 3 2 1 1 2 5 2 4 4 4 4 3 5 3 4 4 4 3 4
"817" 21 "female" 18.3768251528618 3.4 TRUE 3 3 3 5 3 3 1 2 3 1 4 4 1 1 4 1 1 1 4 1 2 1 5 1 1 5 5 1 2 5 5 2 1 2
"818" 20 "female" 25.1807851239669 2.7 FALSE 2.5 3 1 5 4 3 2 2 3 4 3 5 3 4 2 4 3 5 3 1 1 1 5 3 3 3 3 3 3 5 5 5 1 3
"819" 18 "female" 19.9480597689036 3.1 FALSE 3 4 2 5 4 2 1 1 1 2 1 4 4 3 3 2 1 1 2 2 5 1 5 4 5 4 3 5 3 3 3 4 1 4
"820" 20 "male" 20.4986149584488 3 FALSE 2 4 1 5 3 1 1 1 3 2 1 4 3 1 4 4 2 3 3 1 1 1 3 2 4 4 1 3 2 3 2 3 2 4
"821" 19 "female" 19.0039083509627 2.2 FALSE 5 3 4 5 4 3 3 3 1 3 3 4 2 4 2 4 1 1 2 4 1 1 4 5 3 5 4 2 2 5 2 3 2 3
"822" 28 "male" 28.4830729166667 2.4 FALSE 3 3 1 5 4 4 3 1 3 2 3 5 5 4 3 2 1 5 3 3 5 2 5 4 5 5 3 5 4 4 5 4 4 5
"823" 16 "female" 26.4855397496689 2.7 FALSE 5 5 5 5 3 3 3 2 3 3 4 3 1 1 5 3 2 3 3 3 3 1 5 5 5 5 5 2 5 5 5 3 2 2
"824" 18 "female" 24.609375 3 FALSE 3 4 3 5 5 5 1 2 1 4 4 3 2 4 4 3 1 4 1 2 3 1 3 4 3 5 4 1 1 3 3 2 2 3
"825" 22 "male" 21.9773511187082 2.1 FALSE 1.5 2 1 5 5 3 1 3 1 1 2 5 5 3 1 4 2 2 4 1 3 1 3 5 4 3 1 2 2 2 2 2 2 3
"826" 20 "female" 21.295294753921 2.8 FALSE 3.5 3 3 4 3 4 3 2 2 3 4 5 2 3 2 4 4 4 2 4 4 2 5 4 4 5 4 4 3 3 3 4 2 4
"827" 22 "male" 19.5918367346939 3.3 FALSE 3.5 3 3 5 3 4 1 2 3 2 3 3 4 3 5 4 2 3 2 2 5 3 5 4 4 5 3 4 4 4 5 3 3 3
"828" 20 "female" 21.192742415229 2.7 FALSE 4 3 2 5 2 5 2 2 5 4 4 4 3 2 4 1 5 4 4 3 3 2 5 2 3 4 5 4 2 5 5 2 1 4
"829" 27 "male" 23.8884409806205 2.1 FALSE 3 3 5 4 4 5 1 3 4 1 4 1 1 4 1 1 2 3 1 3 4 1 5 2 5 5 1 5 5 1 5 5 2 5
"830" 18 "female" 25.0593070266297 4.2 TRUE 2 2 1 4 3 1 1 2 2 2 3 4 1 2 3 3 2 2 5 1 1 1 4 5 5 3 5 2 1 4 4 3 1 3
"831" 25 "female" 19.379197433927 3.2 FALSE 3 3 4 5 3 3 3 1 3 1 3 4 1 1 2 2 3 2 5 2 2 1 5 3 4 5 3 1 2 5 5 3 1 4
"832" 21 "male" 21.0372534696859 2.6 FALSE 4.5 3 2 5 5 4 3 2 3 3 4 1 1 2 3 1 1 3 2 2 3 1 5 2 3 5 2 3 1 4 2 4 1 4
